price	A1	A2	A3	B1	B2	B3	B4	B5	C1	C2	C3	C4	C5	D1	D2	D3	D4	E1	E2	E3	E4	F1	F2	F3
0,76	0,424202	0,474138	0,536822	0,441747	0,515609	0,462651	0,484074	0,486216	0,543723	0,634841	0,527085	0,470412	0,538735	0,445076	0,662744	0,410652	0,507202	0,500987	0,295796	0,591199	0,621171	0,49456	0,513173	0,496435
0,76	0,449441	0,487791	0,503595	0,418576	0,443611	0,466443	0,460242	0,463018	0,355653	0,583629	0,553975	0,465664	0,530236	0,401557	0,567274	0,501493	0,428812	0,479231	0,300944	0,41699	0,545656	0,49456	0,513173	0,496435
0,76	0,461325	0,439828	0,523986	0,366779	0,27076	0,510695	0,518564	0,513727	0,276138	0,287657	0,353193	0,441524	0,490427	0,771532	0,463655	0,445067	0,613794	0,535226	0,302133	0,462654	0,394028	0,49456	0,513173	0,496435
0,76	0,553246	0,531236	0,490282	0,42824	0,460402	0,442961	0,453327	0,445164	0,349345	0,438955	0,447769	0,439452	0,490196	0,516816	0,419	0,470514	0,435415	0,479948	0,291052	0,542223	0,436606	0,49456	0,513173	0,496435
0,76	0,599849	0,559748	0,523986	0,405128	0,441149	0,47107	0,475913	0,477611	0,566978	0,543544	0,50978	0,471422	0,561837	0,498347	0,45005	0,389164	0,443394	0,469092	0,29698	0,443913	0,495412	0,49456	0,513173	0,496435
0,76	0,502143	0,487791	0,43821	0,323266	0,180802	0,572767	0,579064	0,582718	0,461931	0,583095	0,554433	0,608114	0,65474	0,531127	0,390128	0,462197	0,408984	0,486037	0,315501	0,442736	0,575806	0,49456	0,513173	0,496435
0,76	0,490837	0,505452	0,515638	0,429177	0,391372	0,531024	0,478852	0,484648	0,561171	0,552899	0,661431	0,720739	0,784424	0,501792	0,407472	0,489433	0,412809	0,470081	0,354146	0,497558	0,534389	0,49456	0,513173	0,496435
0,76	0,494683	0,498912	0,458275	0,413161	0,394373	0,492798	0,492914	0,49861	0,486334	0,527509	0,539877	0,53715	0,598603	0,493101	0,419732	0,468872	0,418068	0,471271	0,318561	0,460981	0,513218	0,49456	0,513173	0,496435
0,76	0,503962	0,520059	0,515638	0,428796	0,45481	0,469158	0,474903	0,475955	0,516102	0,517942	0,511376	0,481422	0,542501	0,472996	0,422492	0,448533	0,423915	0,482266	0,313107	0,466855	0,517848	0,49456	0,513173	0,496435
0,76	0,525344	0,517721	0,390433	0,371934	0,325939	0,484937	0,490622	0,491513	0,394247	0,486908	0,493027	0,492028	0,568697	0,535753	0,423886	0,450509	0,42151	0,480854	0,327036	0,42293	0,496452	0,49456	0,513173	0,496435
0,76	0,483904	0,490653	0,448689	0,449577	0,449619	0,454418	0,463452	0,458905	0,44415	0,449253	0,491488	0,510786	0,534899	0,496609	0,423886	0,46395	0,420228	0,465274	0,340776	0,476257	0,473047	0,49456	0,513173	0,496435
0,76	0,49845	0,512934	0,448689	0,410139	0,376767	0,483945	0,491163	0,494631	0,513206	0,543666	0,515109	0,532838	0,586046	0,518439	0,421278	0,48702	0,414037	0,504578	0,305906	0,517092	0,556995	0,49456	0,513173	0,496435
0,76	0,397589	0,431292	0,479259	0,623648	0,740944	0,504477	0,506593	0,504153	0,43637	0,470385	0,49219	0,530809	0,469086	0,41615	0,435616	0,443603	0,432695	0,49042	0,320951	0,461485	0,514154	0,49456	0,513173	0,496435
0,76	0,487898	0,467609	0,503595	0,360952	0,26351	0,511941	0,514203	0,51966	0,335799	0,487804	0,491207	0,496427	0,545851	0,510232	0,389355	0,450222	0,450749	0,488003	0,329902	0,462029	0,508459	0,49456	0,513173	0,496435
0,76	0,468078	0,47729	0,432572	0,472142	0,418035	0,451986	0,454751	0,457446	0,405663	0,477774	0,483376	0,53592	0,526426	0,500074	0,426794	0,476239	0,414441	0,480661	0,312202	0,494202	0,502564	0,49456	0,513173	0,496435
0,76	0,468078	0,487791	0,346999	0,63047	0,692404	0,496686	0,505426	0,500444	0,414922	0,480548	0,49496	0,618632	0,506834	0,4574	0,403979	0,469793	0,377219	0,475517	0,333039	0,470952	0,487933	0,49456	0,513173	0,496435
0,76	0,47982	0,474138	0,443573	0,406042	0,346102	0,462119	0,467521	0,472501	0,435717	0,508448	0,492609	0,513414	0,540537	0,501792	0,40928	0,462151	0,423211	0,481626	0,323915	0,478133	0,498515	0,49456	0,513173	0,496435
0,76	0,522078	0,462499	0,371234	0,40308	0,307234	0,458368	0,463794	0,466636	0,494643	0,555133	0,527631	0,572332	0,598877	0,511892	0,364695	0,45447	0,419391	0,472518	0,345818	0,546813	0,516932	0,535149	0,48314	0,432002
0,76	0,456671	0,455367	0,420329	0,426572	0,446955	0,443408	0,494289	0,477803	0,449829	0,492385	0,430068	0,389064	0,417934	0,44717	0,403467	0,480403	0,416621	0,518046	0,439792	0,501436	0,465672	0,300007	0,305678	0,432002
0,76	0,501227	0,483386	0,413632	0,360658	0,255053	0,502004	0,508258	0,509319	0,453828	0,534383	0,513315	0,532073	0,577618	0,511892	0,379181	0,507583	0,40084	0,482457	0,510045	0,453235	0,519665	0,300007	0,305678	0,432002
0,76	0,504865	0,514145	0,448689	0,396649	0,373558	0,484498	0,511798	0,493484	0,335348	0,386273	0,413544	0,413536	0,443637	0,518439	0,428208	0,48159	0,401457	0,451083	0,47418	0,423401	0,376159	0,300007	0,305678	0,432002
0,76	0,489863	0,507988	0,448689	0,599097	0,721193	0,437797	0,427371	0,4184	0,420214	0,409371	0,474744	0,474494	0,407742	0,366359	0,384198	0,557211	0,354078	0,418468	0,504904	0,450318	0,404062	0,300007	0,305678	0,432002
0,76	0,490837	0,497568	0,471308	0,424377	0,333535	0,515383	0,542162	0,52901	0,434597	0,402657	0,424496	0,466705	0,457801	0,516816	0,412201	0,515637	0,400964	0,4791	0,451038	0,439585	0,416956	0,300007	0,305678	0,432002
0,76	0,386942	0,417283	0,390433	0,505497	0,577481	0,432642	0,452514	0,437832	0,882312	0,630986	0,558847	0,537522	0,548802	0,413779	0,42923	0,541886	0,440144	0,496555	0,232865	0,634441	0,595936	0,572656	0,530164	0,593696
0,76	0,418341	0,464224	0,426626	0,398412	0,344935	0,422682	0,472832	0,451144	0,689954	0,556536	0,464826	0,43137	0,40585	0,377793	0,514552	0,544824	0,436299	0,479883	0,293859	0,609488	0,49118	0,49456	0,513173	0,496435
0,76	0,404282	0,439828	0,288726	0,492348	0,515609	0,405393	0,414457	0,410316	0,796943	0,609055	0,513194	0,414773	0,40623	0,320492	0,570704	0,544187	0,426407	0,521261	0,288235	0,561609	0,561342	0,49456	0,513173	0,496435
0,76	0,454295	0,398579	0,288726	0,507382	0,560721	0,409452	0,42053	0,41451	0,467807	0,481619	0,468049	0,438309	0,434343	0,408965	0,43904	0,464231	0,46587	0,491314	0,283578	0,582749	0,486836	0,49456	0,513173	0,496435
0,76	0,449441	0,441875	0,406474	0,529316	0,568559	0,402603	0,408646	0,407433	0,694627	0,370731	0,383863	0,439546	0,411825	0,531127	0,402821	0,471934	0,458723	0,474163	0,300641	0,570149	0,383157	0,49456	0,513173	0,496435
0,76	0,59757	0,638411	0,702384	0,491341	0,626575	0,411903	0,417309	0,41016	0,565047	0,659491	0,589229	0,473349	0,480435	0,327734	0,475195	0,516505	0,422321	0,482839	0,310805	0,520698	0,587384	0,557227	0,35625	0,432002
0,76	0,583378	0,625356	0,686593	0,484214	0,611734	0,393358	0,419511	0,412753	0,541414	0,642689	0,505012	0,478848	0,415447	0,338109	0,478764	0,515139	0,422589	0,463506	0,323303	0,452739	0,478939	0,557227	0,35625	0,432002
0,76	0,402637	0,398579	0,346999	0,51769	0,540683	0,405242	0,420732	0,41016	0,594795	0,536139	0,5045	0,446223	0,424495	0,347965	0,450692	0,474503	0,453964	0,49893	0,313331	0,543069	0,540914	0,49456	0,513173	0,496435
0,76	0,429853	0,435632	0,331806	0,513838	0,561304	0,415499	0,425459	0,42076	0,681011	0,609842	0,538666	0,462584	0,439055	0,331254	0,399236	0,49122	0,426576	0,484291	0,300182	0,580987	0,547209	0,49456	0,513173	0,496435
0,76	0,457846	0,439828	0,467123	0,439676	0,349072	0,454722	0,442699	0,443053	0,403596	0,495154	0,512106	0,670173	0,613095	0,556489	0,578545	0,43874	0,455604	0,422664	0,245318	0,510732	0,428748	0,51413	0,457277	0,410606
0,72	0,493729	0,526863	0,381315	0,41474	0,453598	0,445802	0,443587	0,44909	0,577475	0,624274	0,562793	0,440961	0,506621	0,366359	0,556767	0,421303	0,430662	0,402165	0,325197	0,502131	0,466925	0,49456	0,513173	0,496435
0,72	0,548255	0,551433	0,467123	0,584025	0,639233	0,470098	0,46055	0,460521	0,52529	0,47622	0,497945	0,613456	0,620704	0,59183	0,412201	0,456568	0,427579	0,457728	0,308865	0,444933	0,463133	0,49456	0,513173	0,496435
0,72	0,31596	0,356967	0,420329	0,412743	0,4547	0,444871	0,453442	0,44909	0,557744	0,602382	0,596207	0,445495	0,524299	0,347965	0,522986	0,428967	0,535851	0,465128	0,310328	0,532198	0,580392	0,49456	0,513173	0,496435
0,72	0,418341	0,343413	0,432572	0,433389	0,402234	0,45224	0,458572	0,458905	0,418199	0,365186	0,402023	0,546402	0,557911	0,737478	0,467479	0,451714	0,764005	0,520022	0,275081	0,580355	0,44406	0,572656	0,530164	0,593696
0,72	0,278702	0,28507	0,251239	0,479105	0,556728	0,435537	0,436692	0,437549	0,46692	0,450639	0,465511	0,47548	0,501884	0,500074	0,531163	0,473445	0,571366	0,516041	0,9	0,335826	0,506517	0,56761	0,530164	0,325486
0,72	0,484911	0,467609	0,346999	0,414131	0,393054	0,462704	0,457072	0,44712	0,361989	0,463594	0,502566	0,450431	0,494097	0,429915	0,608913	0,459508	0,443262	0,492674	0,313774	0,530507	0,489023	0,49456	0,513173	0,496435
0,72	0,365082	0,348135	0,251239	0,488413	0,605719	0,483387	0,494016	0,487542	0,449282	0,590073	0,55715	0,470801	0,521362	0,388663	0,434586	0,437479	0,442529	0,499433	0,326196	0,515388	0,57844	0,49456	0,513173	0,496435
0,72	0,506658	0,527968	0,426626	0,453792	0,473942	0,440439	0,453901	0,440772	0,436557	0,502024	0,498213	0,514744	0,539998	0,491331	0,443497	0,460478	0,403273	0,5035	0,316131	0,467972	0,511331	0,49456	0,513173	0,496435
0,72	0,44696	0,426796	0,251239	0,430655	0,385205	0,480594	0,483435	0,488073	0,584447	0,500181	0,49233	0,603054	0,604964	0,583997	0,406119	0,488577	0,442996	0,45726	0,327732	0,475774	0,459244	0,49456	0,513173	0,496435
0,72	0,449441	0,443891	0,426626	0,418632	0,256603	0,455206	0,450856	0,431238	0,388499	0,33173	0,444387	0,49636	0,429821	0,438688	0,403338	0,517629	0,386435	0,427012	0,325449	0,50095	0,423815	0,44964	0,457277	0,410606
0,72	0,482892	0,533377	0,557246	0,404162	0,45492	0,453742	0,467245	0,457446	0,467009	0,60097	0,598168	0,449811	0,544447	0,363403	0,537948	0,528011	0,422589	0,475112	0,259087	0,516634	0,610899	0,789523	0,457277	0,735284
0,72	0,62094	0,635524	0,420329	0,607773	0,664203	0,488754	0,496839	0,497813	0,401422	0,477309	0,481269	0,556433	0,466991	0,429915	0,393585	0,441723	0,341515	0,480337	0,317262	0,464589	0,485731	0,49456	0,513173	0,496435
0,72	0,461325	0,464224	0,448689	0,399294	0,283178	0,502912	0,503794	0,503995	0,396449	0,481619	0,494411	0,543797	0,530047	0,485955	0,386822	0,475825	0,402673	0,450918	0,348846	0,514404	0,466925	0,441175	0,422061	0,691593
0,72	0,495632	0,510482	0,57129	0,323802	0,174253	0,520508	0,523598	0,523499	0,159755	0,327397	0,406551	0,540267	0,568854	0,742758	0,488874	0,420613	0,48617	0,574897	0,336816	0,414659	0,463133	0,49456	0,513173	0,496435
0,72	0,44059	0,439828	0,506714	0,347657	0,314137	0,525243	0,433641	0,441218	0,597844	0,659491	0,9	0,508182	0,642057	0,229948	0,38182	0,441642	0,463797	0,383014	0,380462	0,444546	0,751463	0,622882	0,592086	0,84495
0,72	0,511938	0,522361	0,563436	0,359075	0,228276	0,490276	0,484003	0,48944	0,468693	0,520859	0,550921	0,615844	0,616423	0,49486	0,399778	0,490467	0,406419	0,509634	0,289061	0	0,591095	0,629103	0,655225	0,539577
0,72	0,457846	0,458981	0,406474	0,474449	0,551836	0,44958	0,451809	0,456974	0,555086	0,549455	0,521505	0,5209	0,555253	0,472996	0,400182	0,463831	0,420413	0,45133	0,353296	0,517173	0,490105	0,535149	0,48314	0,432002
0,72	0,55743	0,518895	0,471308	0,412443	0,355733	0,452177	0,454015	0,456225	0,428016	0,507757	0,494548	0,532292	0,567753	0,532676	0,390589	0,457932	0,419764	0,423819	0,357236	0,542401	0,455253	0,535149	0,48314	0,432002
0,72	0,527757	0,502871	0,448689	0,539611	0,597237	0,472654	0,477066	0,48273	0,522267	0,584268	0,539977	0,564497	0,615276	0,510232	0,386499	0,460587	0,412291	0,487637	0,336687	0,542468	0,559181	0,535149	0,48314	0,432002
0,72	0,454295	0,40144	0,406474	0,530091	0,584521	0,495867	0,507815	0,496616	0,433286	0,51174	0,522751	0,573659	0,561351	0,47676	0,413677	0,457107	0,450869	0,443604	0,359665	0,536128	0,484619	0,535149	0,48314	0,432002
0,72	0,494683	0,510482	0,467123	0,578665	0,631475	0,45024	0,436616	0,438021	0,50386	0,454241	0,491629	0,52595	0,446328	0,388663	0,382336	0,59159	0,356441	0,427113	0,485674	0,413183	0,430354	0,300007	0,305678	0,432002
0,72	0,351502	0,293775	0,381315	0,393677	0,403062	0,432912	0,443587	0,418266	0,532589	0,595259	0,598238	0,410339	0,485261	0,312959	0,600973	0,466008	0,457969	0,464467	0,213602	0,563753	0,594737	0,51413	0,457277	0,410606
0,72	0,459014	0,480371	0,483046	0,390644	0,387993	0,474459	0,4817	0,467663	0,575341	0,584268	0,595218	0,465423	0,543918	0,366359	0,580946	0,489233	0,432308	0,464908	0,319916	0,533608	0,592924	0,535149	0,48314	0,432002
0,72	0,40591	0,414784	0,288726	0,53291	0,615326	0,398453	0,415128	0,403147	0,658513	0,487655	0,470866	0,438691	0,422795	0,388663	0,375879	0,519005	0,421962	0,484102	0,293496	0,577433	0,466925	0,49456	0,513173	0,496435
0,72	0,462469	0,464224	0,251239	0,52144	0,55858	0,417448	0,421927	0,422775	0,585654	0,589026	0,502696	0,448117	0,422452	0,347965	0,359892	0,573436	0,374064	0,468808	0,306568	0,560652	0,483499	0,49456	0,513173	0,496435
0,72	0,418341	0,437747	0,381315	0,516573	0,566533	0,40629	0,418995	0,411243	0,531782	0,519669	0,483525	0,432367	0,415447	0,366359	0,424182	0,481028	0,424785	0,468666	0,306568	0,572117	0,473047	0,49456	0,513173	0,496435
0,72	0,468078	0,460751	0,251239	0,474329	0,442717	0,391999	0,402845	0,396482	0,312334	0,324873	0,384203	0,425246	0,399634	0,511892	0,483424	0,471735	0,423476	0,481176	0,315607	0,6251	0,363539	0,49456	0,513173	0,496435
0,72	0,441884	0,483386	0,346999	0,554861	0,70807	0,396693	0,394423	0,388817	0,358992	0,459629	0,465169	0,46201	0,431126	0,408965	0,464989	0,502174	0,411137	0,528374	0,294927	0,572515	0,502564	0,557227	0,35625	0,432002
0,72	0,432605	0,443891	0,458275	0,4323	0,429742	0,414243	0,433802	0,419462	0,721363	0,58934	0,540478	0,372926	0,389381	0,274407	0,347127	0,553634	0,420413	0,472311	0,277989	0,584558	0,545656	0,49456	0,513173	0,496435
0,72	0,404282	0,406959	0,346999	0,490771	0,526774	0,413216	0,419921	0,4184	0,584296	0,52466	0,484713	0,428747	0,421765	0,372151	0,488228	0,485142	0,463093	0,459276	0,315396	0,576838	0,455253	0,49456	0,513173	0,496435
0,72	0,432605	0,406959	0,331806	0,550481	0,616612	0,379504	0,3965	0,383586	0,671845	0,500892	0,580088	0,518734	0,488097	0,331254	0,41879	0,52533	0,418733	0,484917	0,319533	0,505699	0,551791	0,49456	0,513173	0,496435
0,72	0,473513	0,536534	0,432572	0,319216	0,222258	0,500375	0,508601	0,486007	0,264943	0,299553	0,399689	0,406951	0,46778	0,587936	0,899863	0,500725	0,413324	0,466729	0,838953	0,393704	0,378536	0,56761	0,530164	0,325486
0,72	0,504865	0,536534	0,251239	0,562841	0,74964	0,398106	0,407381	0,393768	0,179861	0,350589	0,387217	0,418639	0,40585	0,513542	0,468293	0,425219	0,398053	0,478049	0,741036	0,459284	0,373737	0,56761	0,530164	0,325486
0,8	0,448205	0,498912	0,51848	0,322923	0,2204	0,503968	0,520194	0,509055	0,656781	0,487506	0,480814	0,404566	0,471157	0,43434	0,634004	0,523595	0,443196	0,511736	0,406448	0,502792	0,516011	0,49456	0,513173	0,496435
0,8	0,494683	0,414784	0,331806	0,285251	0,15281	0,723878	0,747142	0,740367	0,447271	0,386273	0,422095	0,49676	0,586915	0,72672	0,416003	0,454131	0,508681	0,4897	0,296138	0,430724	0,423815	0,49456	0,513173	0,496435
0,8	0,511938	0,505452	0,462784	0,503084	0,581578	0,442737	0,447965	0,4472	0,496089	0,436584	0,437969	0,491203	0,514743	0,573265	0,42056	0,483021	0,440765	0,482074	0,314103	0,430504	0,431943	0,49456	0,513173	0,496435
0,8	0,534826	0,516539	0,448689	0,354516	0,290418	0,492638	0,497562	0,500176	0,453557	0,493555	0,499547	0,500847	0,591493	0,552157	0,409636	0,447757	0,429542	0,461031	0,315922	0,511911	0,482371	0,49456	0,513173	0,496435
0,8	0,493729	0,489229	0,381315	0,405894	0,402589	0,494819	0,49075	0,495757	0,590237	0,544517	0,546657	0,484173	0,553068	0,43434	0,410109	0,487085	0,417973	0,502686	0,324088	0,302504	0,569057	0,49456	0,513173	0,496435
0,8	0,466971	0,501563	0,552962	0,1807	0,024779	0,582441	0,612335	0,612901	0,445529	0,492385	0,462749	0,674341	0,602008	0,643402	0,466598	0,423807	0,44751	0,486901	0,296477	0,43624	0,473047	0,49456	0,513173	0,496435
0,8	0,432605	0,441875	0,497116	0,481803	0,308206	0,502912	0,505221	0,505001	0,3606	0,443804	0,468717	0,664343	0,522738	0,521661	0,416547	0,527414	0,455827	0,474503	0,331825	0,482226	0,466925	0,49456	0,513173	0,496435
0,8	0,49845	0,514145	0,483046	0,539492	0,585374	0,436804	0,414344	0,415226	0,334897	0,40116	0,484565	0,495824	0,447805	0,401557	0,422492	0,552345	0,365029	0,468166	0,514816	0,470409	0,449761	0,300007	0,305678	0,432002
0,8	0,432605	0,474138	0,398775	0,461973	0,440813	0,41386	0,426831	0,419066	0,720001	0,559322	0,503084	0,397539	0,393979	0,316764	0,530868	0,519157	0,444511	0,539239	0,285644	0,593851	0,568368	0,49456	0,513173	0,496435
0,8	0,439286	0,412232	0,313196	0,556504	0,590193	0,40629	0,424148	0,411243	0,591135	0,54585	0,480051	0,453145	0,402384	0,354279	0,47752	0,490061	0,438247	0,481176	0,296645	0,571227	0,490105	0,49456	0,513173	0,496435
0,8	0,441884	0,439828	0,288726	0,477805	0,446287	0,422356	0,408896	0,410627	0,292652	0,447334	0,482327	0,579913	0,561675	0,547767	0,588205	0,473289	0,442125	0,454091	0,271236	0,558221	0,470627	0,51413	0,457277	0,410606
0,84	0,425634	0,343413	0,398775	0,451113	0,470175	0,461582	0,469814	0,469392	0,40958	0,385119	0,410905	0,502919	0,536369	0,673502	0,43797	0,456074	0,629664	0,492143	0,311392	0,482261	0,416956	0,49456	0,513173	0,496435
0,84	0,549693	0,546621	0,490282	0,36375	0,320274	0,518093	0,522368	0,524344	0,508299	0,55136	0,538159	0,504074	0,607882	0,505197	0,42359	0,436371	0,417397	0,478838	0,314322	0,487074	0,543301	0,49456	0,513173	0,496435
0,84	0,53093	0,529065	0,541632	0,405362	0,385691	0,517638	0,514898	0,517059	0,606704	0,611706	0,583472	0,591182	0,667016	0,498347	0,399913	0,461725	0,431057	0,47752	0,334082	0,501405	0,576468	0,49456	0,513173	0,496435
0,84	0,424202	0,460751	0,371234	0,482379	0,391492	0,43081	0,457504	0,436593	0,546025	0,393736	0,432759	0,464859	0,416873	0,440835	0,459013	0,51868	0,408984	0,478773	0,309725	0,568116	0,407873	0,49456	0,513173	0,496435
0,88	0,490837	0,497568	0,359928	0,431098	0,37083	0,49031	0,495487	0,497638	0,357595	0,362353	0,3967	0,56482	0,581354	0,797028	0,490243	0,431698	0,468265	0,493377	0,288235	0,533561	0,400139	0,49456	0,513173	0,496435
0,88	0,461325	0,435632	0,43821	0,427628	0,348299	0,442209	0,453786	0,437264	0,451559	0,400515	0,452961	0,458019	0,449269	0,45131	0,390435	0,485651	0,412083	0,506338	0,322682	0,518695	0,468169	0,441175	0,422061	0,691593
0,88	0,599281	0,608609	0,640392	0,193705	0,059098	0,704918	0,758783	0,717659	0,43141	0,466527	0,499944	0,415777	0,524105	0,46918	0,427362	0,46865	0,408875	0,457025	0,571297	0,465768	0,47543	0,300007	0,305678	0,432002
0,88	0,410691	0,417283	0,288726	0,475153	0,528386	0,441215	0,450856	0,44736	0,613143	0,5433	0,510519	0,441243	0,460827	0,38056	0,409755	0,496306	0,431372	0,477055	0,299873	0,568023	0,511331	0,49456	0,513173	0,496435
0,88	0,410691	0,419732	0,288726	0,502445	0,526975	0,419673	0,429653	0,425075	0,531297	0,536264	0,48545	0,444213	0,434024	0,383294	0,436041	0,493067	0,423299	0,493377	0,30709	0,547395	0,496452	0,49456	0,513173	0,496435
0,88	0,454295	0,404232	0,251239	0,470201	0,466497	0,425117	0,434518	0,430705	0,736159	0,439861	0,429841	0,433357	0,43242	0,471095	0,368766	0,512701	0,472215	0,468166	0,298613	0,568284	0,431943	0,49456	0,513173	0,496435
0,92	0,556739	0,505452	0,43821	0,262002	0,132171	0,631267	0,64489	0,643153	0,550687	0,472767	0,475379	0,499473	0,620204	0,640031	0,39475	0,441581	0,45385	0,49036	0,329751	0,479006	0,486836	0,49456	0,513173	0,496435
1	0,349097	0,406959	0,479259	0,666949	0,806814	0,481987	0,490109	0,48426	0,557822	0,537013	0,552964	0,498881	0,407365	0,283763	0,440739	0,501268	0,435192	0,468381	0,298453	0,548039	0,548749	0,49456	0,513173	0,496435
0,4	0,505764	0,507988	0,43821	0,545203	0,579103	0,381742	0,381137	0,382255	0,481056	0,568874	0,446784	0,397918	0,331395	0,309072	0,442718	0,421713	0,454534	0,496783	0,247359	0	0,449761	0,49456	0,513173	0,496435
0,4	0,521253	0,472535	0,500397	0,4888	0,580817	0,395053	0,396656	0,401513	0,736287	0,500892	0,440493	0,404085	0,421421	0,43434	0,287986	0,449156	0,401579	0,413303	0,273319	0	0,360849	0,49456	0,513173	0,496435
0,4	0,367218	0,365105	0,420329	0,612867	0,762978	0,370875	0,385182	0,378032	0,803676	0,457286	0,347036	0,34054	0,318426	0,44717	0,424867	0,527212	0,553643	0,447233	0,271071	0,423166	0,329859	0,49456	0,513173	0,496435
0,4	0,583988	0,6052	0,694668	0,519092	0,715322	0,371482	0,398348	0,380048	0,447637	0,544639	0,366898	0,278596	0,288219	0,354279	0,560306	0,451149	0,466693	0,497804	0,216259	0	0,564184	0,49456	0,513173	0,496435
0,4	0,613058	0,621628	0,687509	0,51929	0,593674	0,421366	0,377654	0,390901	0,397846	0,432703	0,490358	0,558492	0,5291	0,491331	0,396181	0,481694	0,419857	0,4897	0,292387	0	0,433514	0,49456	0,513173	0,496435
0,4	0,525344	0,534437	0,381315	0,474867	0,513769	0,381985	0,399396	0,383323	0,286635	0,380672	0,337807	0,330024	0,318426	0,467252	0,464929	0,479089	0,407323	0,638793	0,216259	0	0,407873	0,49456	0,513173	0,496435
0,4	0,48085	0,527968	0,493746	0,472665	0,386297	0,394307	0,383401	0,381164	0,323815	0,300659	0,343552	0,405525	0,368416	0,552157	0,513179	0,517563	0,389324	0,492202	0,283103	0,490027	0,355281	0,441175	0,422061	0,691593
0,4	0,402637	0,443891	0,512731	0,39351	0,370084	0,510622	0,580269	0,567215	0,712445	0,798103	0,499148	0,267044	0,293693	0,216217	0,597319	0,49162	0,414239	0,564111	0,253649	0	0,676539	0,540847	0,572392	0,9
0,4	0,517075	0,486338	0,506714	0,521686	0,645686	0,39758	0,384987	0,377737	0,506543	0,572878	0,503343	0,393432	0,389805	0,312959	0,452521	0,4634	0,442125	0,9	0,240806	0	0,588008	0,49456	0,513173	0,496435
0,4	0,523718	0,540647	0,55512	0,449475	0,511514	0,395971	0,405954	0,400395	0,305393	0,422607	0,408203	0,404326	0,430801	0,508563	0,54686	0,43387	0,451285	0,604765	0,274543	0	0,44406	0,49456	0,513173	0,496435
0,4	0,517918	0,521214	0,614082	0,317197	0,242606	0,42987	0,494016	0,355555	0,031301	0,151237	0,319405	0,22902	0,266522	0,404052	0,493799	0,401297	0,503594	0,793243	0,175835	0,634561	0,553293	0,9	0,9	0,691593
0,36	0,538647	0,514145	0,432572	0,558202	0,639413	0,374687	0,381137	0,383058	0,47328	0,448208	0,356355	0,39186	0,349505	0,482313	0,383695	0,452343	0,417973	0,482457	0,258947	0	0,385406	0,49456	0,513173	0,496435
0,36	0,513665	0,515347	0,565441	0,468908	0,486939	0,404786	0,403398	0,389986	0,391229	0,30959	0,401444	0,499342	0,504267	0,645632	0,464748	0,366715	0,47494	0,431977	0,251097	0	0,305968	0,49456	0,513173	0,496435
0,44	0,515378	0,497568	0,43821	0,548137	0,601533	0,385706	0,407509	0,391577	0,629316	0,462609	0,408476	0,448922	0,40623	0,46918	0,376253	0,46429	0,400342	0,524679	0,246013	0	0,598312	0,49456	0,513173	0,496435
0,44	0,586411	0,392637	0,413632	0,396649	0,377996	0,40688	0,44506	0,428074	0,621773	0,327397	0,266183	0,262993	0,290074	0,62506	0,366223	0,447347	0,577018	0,485478	0,236489	0	0,373737	0,49456	0,513173	0,496435
0,44	0,484911	0,538604	0,471308	0,720349	0,768629	0,388321	0,393932	0,393768	0,40162	0,429702	0,388203	0,556866	0,438123	0,566378	0,579678	0,490072	0,409746	0,449341	0,278533	0	0,355281	0,49456	0,513173	0,496435
0,44	0,562881	0,489229	0,563436	0,518107	0,580055	0,388743	0,415792	0,390674	0,485386	0,306076	0,339937	0,369071	0,375593	0,577329	0,40308	0,448017	0,587235	0,430412	0,259412	0	0,329859	0,49456	0,513173	0,496435
0,44	0,519593	0,478839	0	0,490188	0,527378	0,411502	0,420832	0,414798	0,226384	0,251729	0,305151	0,446313	0,443938	0,866863	0,489744	0,411583	0,504519	0,476789	0,308366	0,471955	0,274569	0,49456	0,513173	0,496435
0,44	0,463606	0,441875	0,471308	0,639294	0,766291	0,377423	0,395071	0,381713	0,268006	0,250703	0,25676	0,392648	0,335854	0,799348	0,559416	0,381071	0,608019	0,450174	0,277437	0	0,198746	0,49456	0,513173	0,496435
0,44	0,538647	0,506726	0,43821	0,546955	0,588778	0,395422	0,41145	0,402064	0,336586	0,45526	0,44599	0,528144	0,454438	0,46918	0,45259	0,445701	0,43467	0,454332	0,308491	0	0,400139	0,49456	0,513173	0,496435
0,44	0,506658	0,475723	0,346999	0,498278	0,565664	0,374687	0,382385	0,374999	0,34162	0,435666	0,410637	0,474189	0,418988	0,48414	0,436801	0,472844	0,433232	0,548472	0,267958	0	0,436606	0,557227	0,35625	0,432002
0,44	0,540155	0,512934	0,251239	0,681956	0,765484	0,417209	0,417416	0,416767	0,357379	0,415887	0,422579	0,666761	0,553237	0,669343	0,4409	0,436589	0,445867	0,445259	0,320484	0	0,326232	0,49456	0,513173	0,496435
0,44	0,506658	0,538604	0,55512	0,382371	0,326341	0,449911	0,47671	0,464527	0,526511	0,382321	0,406273	0,43157	0,477229	0,587936	0,500969	0,43696	0,416524	0,521734	0,271071	0,460812	0,400139	0,49456	0,513173	0,496435
0,44	0,9	0,9	0,448689	0,9	0,846768	0,391004	0,339807	0,331004	0,414341	0,397916	0,534245	0,9	0,445137	0,338109	0,428767	0,448128	0,298218	0,623876	0,297968	0,384131	0,689214	0,49456	0,513173	0,496435
0,44	0,390578	0,386368	0,346999	0,479405	0,555361	0,395422	0,40172	0,398083	0,414535	0,601172	0,507291	0,397665	0,400425	0,334712	0,485882	0,464584	0,417685	0,538739	0,291246	0	0,567677	0,49456	0,513173	0,496435
0,44	0,453094	0,47729	0,552962	0,483746	0,598921	0,39948	0,405559	0,393121	0,584523	0,550409	0,520935	0,437543	0,436559	0,341448	0,403595	0,469217	0,432308	0,419342	0,280119	0,290457	0,431943	0,650881	0,715224	0,76812
0,44	0,472439	0,464224	0,390433	0,675762	0,856771	0,37412	0,389293	0,380609	0,501504	0,409165	0,356355	0,456326	0,378366	0,5388	0,448824	0,437609	0,482108	0,567714	0,253921	0,812719	0,428748	0,49456	0,513173	0,496435
0,44	0,771537	0,780342	0,9	0,437665	0,526673	0,362164	0,36987	0,365704	0,655879	0,515934	0,859756	0,603627	0,679514	0,264469	0,331575	0,550775	0,41701	0,465055	0,347228	0	0,714374	0,49456	0,513173	0,496435
0,44	0,508434	0,480371	0,550769	0,532369	0,628301	0,395053	0,397278	0,395868	0,574195	0,647912	0,518865	0,43316	0,39804	0,316764	0,433104	0,457787	0,469528	0,507078	0,298932	0	0,534389	0,49456	0,513173	0,496435
0,52	0,53093	0,526863	0,426626	0,545562	0,698047	0,397931	0,416664	0,387133	0,558369	0,467336	0,470538	0,429862	0,422109	0,388663	0,435701	0,452673	0,412291	0,554848	0,261644	0	0,605275	0,49456	0,513173	0,496435
0,52	0,451885	0,480371	0,580539	0,633446	0,834702	0,405544	0,418578	0,411548	0,596506	0,554782	0,473464	0,464374	0,426178	0,3913	0,623831	0,441214	0,645772	0,465931	0,278802	0,501405	0,456595	0,49456	0,513173	0,496435
0,52	0,436646	0,443891	0,536822	0,546014	0,691203	0,413732	0,3965	0,392903	0,634665	0,575409	0,571059	0,527584	0,519976	0,372151	0,632913	0,464098	0,597682	0,435138	0,315076	0,525301	0,433514	0,49456	0,513173	0,496435
0,52	0,504865	0,523499	0,497116	0,553893	0,555556	0,401311	0,421927	0,407433	0,371606	0,485709	0,434521	0,429761	0,376986	0,406521	0,521109	0,478992	0,44776	0,513404	0,317766	0	0,411579	0,49456	0,513173	0,496435
0,52	0,556739	0,48487	0,359928	0,371142	0,339329	0,417568	0,428786	0,42076	0,64919	0,380908	0,39456	0,360994	0,411825	0,506885	0,358937	0,475446	0,433993	0,402928	0,284047	0	0,398134	0,49456	0,513173	0,496435
0,52	0,449441	0,472535	0,526654	0,514915	0,396168	0,414623	0,402845	0,396685	0,370558	0,528923	0,530655	0,474037	0,39439	0,28825	0,57706	0,495494	0,495457	0,508492	0,267958	0,426527	0,506517	0,49456	0,513173	0,496435
0,52	0,551122	0,458981	0,458275	0,378031	0,322844	0,441829	0,452045	0,446069	0,546025	0,339508	0,387217	0,43167	0,482381	0,646743	0,378821	0,468636	0,489496	0,45034	0,283341	0,452603	0,349437	0,49456	0,513173	0,496435
0,52	0,52935	0,469271	0,569367	0,515084	0,621285	0,396871	0,412858	0,402246	0,508132	0,355489	0,35985	0,445495	0,424833	0,552157	0,380071	0,422094	0,644757	0,436639	0,336073	0,419637	0,310349	0,441175	0,422061	0,691593
0,52	0,589997	0,636684	0,740077	0,558723	0,74012	0,401148	0,407381	0,403325	0,54245	0,573651	0,516882	0,460691	0,462186	0,37499	0,516113	0,449192	0,481516	0,567885	0,302279	0	0,664398	0,49456	0,513173	0,496435
0,52	0,593524	0,406959	0,47535	0,522285	0,668938	0,391999	0,458624	0,415932	0,776123	0,481924	0,389181	0,396905	0,401994	0,501792	0,301735	0,487074	0,593551	0,448671	0,275728	0	0,398134	0,49456	0,513173	0,496435
0,52	0,550409	0,521214	0,585818	0,42916	0,393654	0,466044	0,470909	0,470212	0,604572	0,4496	0,458851	0,572243	0,593608	0,640031	0,373975	0,464774	0,481714	0,42298	0,291052	0,418353	0,387617	0,49456	0,513173	0,496435
0,52	0,484911	0,356967	0,398775	0,4358	0,455909	0,455326	0,458147	0,448231	0,46887	0,421436	0,45831	0,537096	0,601738	0,653337	0,421786	0,419522	0,623624	0,480013	0,295277	0,354111	0,422132	0,49456	0,513173	0,496435
0,52	0,645907	0,639553	0,531835	0,475462	0,570485	0,390194	0,399987	0,402246	0,413276	0,404143	0,35985	0,32058	0,338333	0,455385	0,450193	0,431416	0,39844	0,493143	0,271071	0,386759	0,389789	0,49456	0,513173	0,496435
0,52	0,471359	0,392637	0,313196	0,583695	0,77818	0,395971	0,396186	0,404904	0,316116	0,308893	0,319405	0,418093	0,40585	0,710051	0,418579	0,368683	0,504459	0,418906	0,308865	0,447042	0,268136	0,49456	0,513173	0,496435
0,52	0,495632	0,481887	0,585818	0,381868	0,325671	0,45337	0,458783	0,459815	0,421267	0,412449	0,428239	0,486879	0,536552	0,628569	0,427645	0,477763	0,656195	0,531226	0,292199	0	0,480091	0,49456	0,513173	0,496435
0,52	0,40591	0,439828	0,47535	0,560195	0,679648	0,414116	0,384398	0,380048	0,593751	0,577594	0,610514	0,566428	0,516772	0,327734	0,546227	0,445548	0,492619	0,520643	0,332827	0	0,548749	0,49456	0,513173	0,496435
0,52	0,53093	0,549526	0,626468	0,508797	0,465412	0,381254	0,364007	0,359189	0,445161	0,293525	0,348492	0,405525	0,374657	0,550701	0,565938	0,429478	0,444706	0,65617	0,267449	0,546921	0,415187	0,540847	0,572392	0,9
0,52	0,445705	0,429064	0,448689	0,463221	0,483762	0,448777	0,456473	0,455188	0,31482	0,30429	0,3504	0,492439	0,520769	0,84701	0,53312	0,432538	0,5851	0,476989	0,271401	0,390935	0,318589	0,557227	0,35625	0,432002
0,52	0,49277	0,522361	0,611189	0,498618	0,383867	0,461474	0,46585	0,462094	0,392136	0,350036	0,406828	0,661986	0,548802	0,707207	0,458041	0,497782	0,513788	0,652206	0,276876	0	0,571785	0,49456	0,513173	0,496435
0,52	0,44059	0,489229	0,503595	0,430176	0,416761	0,460439	0,47679	0,463201	0,609637	0,528923	0,502045	0,516362	0,562646	0,511892	0,584891	0,533575	0,459364	0,51756	0,278533	0	0,550277	0,49456	0,513173	0,496435
0,52	0,487898	0,379728	0,443573	0,35357	0,265637	0,435022	0,452104	0,438767	0,44166	0,30749	0,350871	0,383572	0,403548	0,602005	0,385358	0,449899	0,578878	0,487881	0,334151	0	0,336772	0,49456	0,513173	0,496435
0,52	0,471359	0,47729	0,359928	0,474197	0,575473	0,417448	0,423385	0,428074	0,892355	0,71453	0,560085	0,417545	0,458631	0,324148	0,300503	0,607203	0,440282	0,493494	0,279335	0	0,605275	0,49456	0,513173	0,496435
0,52	0,49938	0,533377	0,648662	0,650161	0,9	0,393166	0,381972	0,392023	0,742843	0,9	0,713446	0,545334	0,49613	0,236316	0,814186	0,275795	0,9	0,466222	0,300488	0,619323	0,711942	0,49456	0,513173	0,496435
0,52	0,505764	0,526863	0,552962	0,463417	0,494094	0,419443	0,419202	0,409213	0,479839	0,438228	0,463445	0,423358	0,427513	0,406521	0,46701	0,559065	0,389621	0,500046	0,277714	0	0,471842	0,49456	0,513173	0,496435
0,52	0,528555	0,567658	0,565441	0,445875	0,345972	0,438205	0,453269	0,449399	0,460677	0,467336	0,44153	0,523729	0,496579	0,5388	0,49514	0,467292	0,40942	0,522111	0,29909	0	0,512277	0,49456	0,513173	0,496435
0,52	0,523718	0,559748	0,626468	0,438771	0,507399	0,422682	0,420227	0,426364	0,586557	0,579113	0,511984	0,439546	0,486448	0,408965	0,433368	0,483387	0,424785	0,540937	0,297805	0	0,600076	0,49456	0,513173	0,496435
0,52	0,579059	0,522361	0,503595	0,449956	0,505954	0,439333	0,4393	0,436689	0,344393	0,433818	0,45813	0,447037	0,487862	0,49486	0,383019	0,465748	0,423564	0,450588	0,288026	0	0,407873	0,49456	0,513173	0,496435
0,52	0,645907	0,674307	0,751952	0,468746	0,574899	0,408467	0,410005	0,392903	0,453285	0,568874	0,597819	0,424828	0,470899	0,301038	0,64674	0,467221	0,427579	0,450174	0,337331	0,442142	0,562057	0,49456	0,513173	0,496435
0,52	0,526956	0,506726	0,413632	0,460473	0,496396	0,432642	0,446434	0,446475	0,407723	0,488994	0,452584	0,479735	0,492042	0,510232	0,408922	0,471655	0,421691	0,543021	0,258947	0	0,550277	0,49456	0,513173	0,496435
0,52	0,568848	0,552379	0,543974	0,408597	0,424486	0,421366	0,418369	0,412154	0,469578	0,443982	0,486621	0,42048	0,482864	0,440835	0,38951	0,441561	0,413221	0,504364	0,316235	0	0,487933	0,49456	0,513173	0,496435
0,52	0,621971	0,569366	0,483046	0,475783	0,579484	0,379249	0,404219	0,401697	0,337934	0,393958	0,316053	0,289231	0,308683	0,501792	0,399372	0,439225	0,432772	0,473343	0,247359	0,447184	0,36617	0,49456	0,513173	0,496435
0,52	0,507548	0,521214	0,497116	0,560747	0,579484	0,401637	0,40516	0,407924	0,396049	0,423967	0,414584	0,483092	0,417934	0,474885	0,409991	0,500825	0,403867	0,443779	0,202217	0,553582	0,373737	0,51413	0,457277	0,410606
0,52	0,562207	0,572729	0,60371	0,362922	0,294568	0,553479	0,562185	0,565051	0,436463	0,513235	0,497407	0,50279	0,573203	0,534218	0,41773	0,462091	0,424785	0,504471	0,299718	0,275437	0,531879	0,49456	0,513173	0,496435
0,52	0,601543	0,553318	0,541632	0,434683	0,432242	0,434935	0,441728	0,446069	0,503272	0,577376	0,515939	0,527528	0,56021	0,485955	0,363582	0,472844	0,416132	0,511685	0,296477	0	0,572461	0,441175	0,422061	0,691593
0,52	0,523718	0,515347	0,497116	0,503758	0,572695	0,434589	0,437449	0,442099	0,490116	0,51133	0,485155	0,527808	0,529858	0,500074	0,408802	0,474414	0,434144	0,497351	0,293949	0,285422	0,499536	0,49456	0,513173	0,496435
0,52	0,49938	0,497568	0,486717	0,48275	0,568752	0,42553	0,428523	0,430059	0,413857	0,431769	0,424971	0,442363	0,464871	0,52643	0,436969	0,456206	0,448504	0,437568	0,31277	0	0,368744	0,49456	0,513173	0,496435
0,52	0,519593	0,516539	0,390433	0,460406	0,483338	0,408325	0,420933	0,41451	0,372547	0,394844	0,399097	0,410108	0,421765	0,510232	0,413451	0,477444	0,401824	0,51199	0,279598	0	0,435069	0,49456	0,513173	0,496435
0,52	0,560854	0,389546	0,490282	0,465821	0,512847	0,419443	0,328611	0,341215	0,44092	0,459962	0,686915	0,43157	0,476481	0,242402	0,253818	0,29469	0,578726	0,417033	0,277157	0,534083	0,613105	0,622882	0,592086	0,84495
0,52	0,522078	0,567658	0,55934	0,344111	0,284198	0,457968	0,464181	0,458047	0,322541	0,397916	0,450488	0,412061	0,480191	0,498347	0,549206	0,480604	0,398953	0,572827	0,272373	0	0,525879	0,49456	0,513173	0,496435
0,52	0,602665	0,580056	0,619709	0,340627	0,283324	0,449911	0,484881	0,464646	0,411139	0,449253	0,440493	0,332374	0,396428	0,399035	0,389043	0,436611	0,427579	0,449341	0,261209	0	0,425479	0,49456	0,513173	0,496435
0,52	0,548255	0,543662	0,479259	0,470288	0,488734	0,419902	0,422123	0,424837	0,237281	0,347249	0,371978	0,474646	0,486684	0,700493	0,443729	0,43696	0,435118	0,468238	0,311509	0	0,3464	0,49456	0,513173	0,496435
0,52	0,608194	0,581642	0,636714	0,351831	0,266696	0,433536	0,438935	0,430275	0,409482	0,412449	0,428928	0,372469	0,418638	0,449248	0,404741	0,48574	0,455155	0,468594	0,304549	0	0,405981	0,49456	0,513173	0,496435
0,52	0,500306	0,48487	0,509758	0,336419	0,218362	0,481062	0,483968	0,488113	0,393745	0,502589	0,502045	0,565142	0,614509	0,57598	0,41243	0,522364	0,45538	0,466077	0,306039	0,303157	0,494364	0,49456	0,513173	0,496435
0,52	0,542397	0,565064	0,453583	0,567779	0,647561	0,431825	0,432751	0,437549	0,36835	0,470704	0,45446	0,576463	0,522149	0,547767	0,493099	0,419578	0,411874	0,488369	0,340776	0	0,457925	0,49456	0,513173	0,496435
0,52	0,487898	0,526863	0,587537	0,389688	0,187772	0,519628	0,514652	0,522906	0,303943	0,461454	0,492609	0,803098	0,618573	0,600749	0,509968	0,434527	0,445418	0,529807	0,30709	0	0,552544	0,49456	0,513173	0,496435
0,52	0,506658	0,487791	0,432572	0,398729	0,375411	0,459048	0,458413	0,461029	0,169931	0,346687	0,383863	0,356234	0,399634	0,510232	0,420971	0,447254	0,420689	0,486901	0,301691	0	0,385406	0,49456	0,513173	0,496435
0,52	0,453094	0,489229	0,546276	0,198875	0,032747	0,51863	0,513593	0,518652	0,366133	0,493701	0,530119	0,707137	0,637446	0,552157	0,480898	0,452413	0,433079	0,523611	0,306304	0	0,581682	0,49456	0,513173	0,496435
0,52	0,495632	0,48487	0,346999	0,581103	0,667449	0,405393	0,405027	0,409213	0,337822	0,454921	0,432537	0,513293	0,500791	0,563583	0,425643	0,439936	0,441855	0,43803	0,316957	0,399466	0,380868	0,49456	0,513173	0,496435
0,52	0,497516	0,514145	0,471308	0,557203	0,64336	0,369322	0,381557	0,373083	0,444702	0,44628	0,367696	0,435416	0,347803	0,455385	0,435017	0,488885	0,414943	0,429323	0,263042	0,467015	0,310349	0,436812	0,535676	0,410606
0,52	0,558119	0,533377	0,567417	0,436712	0,403417	0,485192	0,482573	0,491552	0,371606	0,473871	0,478047	0,557106	0,584883	0,586628	0,393585	0,478666	0,438105	0,447912	0,336099	0	0,442599	0,49456	0,513173	0,496435
0,52	0,600415	0,621628	0,668187	0,375467	0,351771	0,589808	0,583873	0,583802	0,455819	0,587448	0,621965	0,524529	0,634873	0,418498	0,451611	0,501888	0,391943	0,483914	0,339576	0,567632	0,652912	0,549165	0,507347	0,389254
0,52	0,433963	0,478839	0,569367	0,420082	0,321898	0,431734	0,423577	0,416212	0,709235	0,642957	0,645027	0,712568	0,669279	0,423128	0,476892	0,573714	0,463897	0,523704	0,341656	0	0,678163	0,497935	0,382629	0,432002
0,52	0,553246	0,56419	0,645169	0,353957	0,176967	0,481757	0,484742	0,484948	0,551789	0,653577	0,541774	0,499079	0,465669	0,316764	0,401645	0,454588	0,429703	0,509375	0,241127	0	0,588629	0,51413	0,457277	0,410606
0,52	0,47458	0,490653	0,448689	0,529508	0,641837	0,381499	0,389829	0,385644	0,575417	0,518341	0,457222	0,38287	0,372766	0,344733	0,495868	0,483341	0,437891	0,470642	0,268674	0,441396	0,452532	0,49456	0,513173	0,496435
0,48	0,457846	0,449755	0,497116	0,577853	0,723867	0,368686	0,409883	0,375928	0,473983	0,40073	0,304373	0,297985	0,273191	0,453355	0,529437	0,444582	0,523311	0,572031	0,224149	0	0,387617	0,49456	0,513173	0,496435
0,48	0,543138	0,563311	0,602169	0,388822	0,367715	0,409869	0,413777	0,412902	0,380944	0,539742	0,491348	0,409992	0,346078	0,279152	0,459783	0,420557	0,433232	0,505807	0,243883	0,47596	0,510379	0,49456	0,513173	0,496435
0,48	0,482892	0,501563	0,592575	0,46852	0,510178	0,393166	0,395552	0,385644	0,398344	0,522307	0,475062	0,40883	0,422795	0,383294	0,485405	0,452743	0,504785	0,552514	0,287391	0	0,568368	0,49456	0,513173	0,496435
0,48	0,506658	0,504167	0,462784	0,464301	0,529492	0,426041	0,430337	0,43049	0,464519	0,460626	0,445391	0,433555	0,471157	0,49486	0,437471	0,495348	0,424871	0,52069	0,285644	0	0,485731	0,49456	0,513173	0,496435
0,48	0,533277	0,552379	0,626468	0,487949	0,629753	0,445589	0,44506	0,452839	0,442214	0,596081	0,526646	0,527247	0,579867	0,491331	0,550505	0,387639	0,512883	0,518143	0,284279	0	0,581038	0,49456	0,513173	0,496435
0,48	0,419827	0,406959	0,398775	0,60787	0,682677	0,397227	0,414231	0,401697	0,690757	0,383024	0,367696	0,438405	0,439055	0,621516	0,52321	0,464275	0,527909	0,500545	0,252256	0,518083	0,376159	0,49456	0,513173	0,496435
0,48	0,484911	0,511713	0,359928	0,586933	0,738142	0,390803	0,392768	0,395039	0,670001	0,64949	0,513435	0,451662	0,41292	0,327734	0,632809	0,449863	0,370935	0,379891	0,233072	0,531958	0,391926	0,51413	0,457277	0,410606
0,48	0,413797	0,301672	0,346999	0,753282	0,773453	0,430248	0,406995	0,40677	0,745377	0,414074	0,480661	0,717234	0,584006	0,580012	0,409873	0,460431	0,679791	0,445173	0,335169	0,449112	0,358098	0,49456	0,513173	0,496435
0,48	0,466971	0,504167	0,58232	0,456344	0,517446	0,416483	0,435537	0,424479	0,372965	0,419864	0,416888	0,415999	0,458355	0,532676	0,605174	0,409477	0,524578	0,537183	0,272052	0,537383	0,482371	0,49456	0,513173	0,496435
0,48	0,47564	0,379728	0,371234	0,540505	0,660859	0,40292	0,407381	0,401881	0,406743	0,346405	0,369274	0,488005	0,476481	0,689715	0,448313	0,42301	0,580206	0,445432	0,30343	0,481376	0,318589	0,49456	0,513173	0,496435
0,48	0,409114	0,348135	0,346999	0,496019	0,512334	0,45791	0,462962	0,453989	0,326582	0,395506	0,435609	0,516958	0,547418	0,627403	0,58875	0,391272	0,597527	0,468023	0,294218	0	0,398134	0,49456	0,513173	0,496435
0,48	0,44059	0,478839	0,565441	0,636682	0,817727	0,369005	0,355253	0,347847	0,552733	0,484655	0,425679	0,357441	0,321272	0,320492	0,656109	0,513941	0,479589	0,718094	0,239149	0	0,768938	0,49456	0,513173	0,496435
0,48	0,490837	0,365105	0,359928	0,568045	0,74571	0,386593	0,389293	0,396074	0,315881	0,312349	0,307444	0,402507	0,388956	0,714748	0,418579	0,378999	0,539112	0,42277	0,287177	0,546813	0,261201	0,49456	0,513173	0,496435
0,48	0,515378	0,293775	0,381315	0,417796	0,411641	0,378992	0,416338	0,380887	0,505957	0,273017	0,294424	0,280679	0,301433	0,547767	0,366868	0,465734	0,805369	0,702076	0,260768	0,464875	0,301388	0,49456	0,513173	0,496435
0,48	0,463606	0,383098	0,251239	0,567792	0,734671	0,408751	0,417629	0,426595	0,314938	0,324554	0,32514	0,423885	0,407365	0,693668	0,423886	0,33029	0,502019	0,414333	0,299562	0,440091	0,268136	0,49456	0,513173	0,496435
0,48	0,512803	0,467609	0,406474	0,469469	0,495769	0,415125	0,409391	0,407597	0,420023	0,33173	0,377547	0,417105	0,417227	0,559345	0,418895	0,472107	0,470678	0,430116	0,306039	0,460939	0,310349	0,49456	0,513173	0,496435
0,48	0,462469	0,368951	0,251239	0,549597	0,698388	0,395606	0,39491	0,402064	0,307439	0,292369	0,314676	0,412857	0,400425	0,716612	0,425062	0,377908	0,517238	0,466004	0,282379	0,460093	0,296589	0,49456	0,513173	0,496435
0,48	0,416841	0,426796	0,483046	0,555527	0,539093	0,372081	0,391406	0,35875	0,198951	0,260155	0,30037	0,372317	0,316247	0,564984	0,666896	0,462666	0,500786	0,566718	0,257025	0,507851	0,318589	0,441175	0,422061	0,691593
0,48	0,437972	0,383098	0,346999	0,534705	0,615142	0,394307	0,406995	0,39828	0,395549	0,332645	0,336724	0,425141	0,399237	0,636629	0,465707	0,439811	0,553776	0,452881	0,307348	0,468368	0,305968	0,49456	0,513173	0,496435
0,48	0,585808	0,575207	0,587537	0,4236	0,445508	0,430342	0,428083	0,434231	0,458702	0,490326	0,466193	0,45692	0,504267	0,501792	0,399236	0,446803	0,421237	0,473069	0,295277	0	0,456595	0,49456	0,513173	0,496435
0,48	0,530142	0,533377	0,432572	0,367728	0,349716	0,426244	0,43692	0,430705	0,359314	0,457286	0,451636	0,432566	0,504482	0,529569	0,43638	0,452029	0,412291	0,491433	0,266104	0	0,466925	0,49456	0,513173	0,496435
0,48	0,582766	0,613931	0,622448	0,398502	0,36106	0,462915	0,462616	0,469117	0,341842	0,442914	0,478512	0,561095	0,607882	0,615532	0,453558	0,507466	0,397533	0,407879	0,270402	0	0,391926	0,49456	0,513173	0,496435
0,48	0,637393	0,598892	0,398775	0,655314	0,80101	0,384573	0,391749	0,389754	0,27288	0,391727	0,355012	0,482078	0,43145	0,644519	0,430056	0,398577	0,432849	0,434094	0,268674	0	0,31455	0,49456	0,513173	0,496435
0,48	0,525344	0,510482	0,390433	0,398978	0,408715	0,471935	0,469014	0,465591	0,403103	0,508171	0,522864	0,479662	0,545851	0,459399	0,42428	0,461312	0,428322	0,515498	0,321044	0,368708	0,557727	0,49456	0,513173	0,496435
0,48	0,416841	0,422132	0,331806	0,519899	0,568848	0,416968	0,435925	0,421777	0,466743	0,524399	0,473625	0,529759	0,521362	0,510232	0,406119	0,456272	0,432463	0,418468	0,28987	0	0,396097	0,49456	0,513173	0,496435
0,48	0,493729	0,517721	0,331806	0,652093	0,789961	0,370875	0,408521	0,397488	0,331953	0,428566	0,381451	0,472965	0,411091	0,535753	0,550651	0,392924	0,443063	0,425478	0,267958	0,544833	0,349437	0,49456	0,513173	0,496435
0,48	0,534826	0,552379	0,497116	0,448508	0,526874	0,402603	0,448467	0,445824	0,469047	0,553606	0,352271	0,292029	0,317704	0,43434	0,477729	0,399394	0,430899	0,404313	0,249897	0	0,385406	0,49456	0,513173	0,496435
0,48	0,503055	0,469271	0,371234	0,570775	0,657594	0,385481	0,400133	0,400017	0,305031	0,427806	0,358554	0,414099	0,377448	0,531127	0,414125	0,501556	0,44138	0,433136	0,282622	0,465403	0,352396	0,49456	0,513173	0,496435
0,48	0,660775	0,603123	0,550769	0,502542	0,640671	0,41177	0,408017	0,41551	0,532185	0,452361	0,429385	0,462584	0,484306	0,54629	0,38873	0,444426	0,436809	0,45223	0,287391	0	0,391926	0,49456	0,513173	0,496435
0,48	0,513665	0,496211	0,500397	0,579265	0,709338	0,39355	0,410491	0,399636	0,465054	0,596389	0,510887	0,464131	0,406609	0,324148	0,491011	0,377132	0,419391	0,54106	0,267228	0	0,614199	0,49456	0,513173	0,496435
0,48	0,545347	0,50924	0,413632	0,449635	0,45492	0,446015	0,454582	0,453056	0,418776	0,477154	0,502436	0,529315	0,571969	0,523259	0,383695	0,437845	0,413118	0,564881	0,294485	0,341857	0,596532	0,49456	0,513173	0,496435
0,48	0,591767	0,546621	0,432572	0,550356	0,676263	0,394495	0,396656	0,398671	0,460856	0,52165	0,451254	0,480177	0,485499	0,503499	0,416112	0,403398	0,442327	0,48079	0,297312	0,499727	0,449761	0,49456	0,513173	0,496435
0,48	0,654129	0,582429	0,52927	0,473246	0,564503	0,386373	0,403398	0,398476	0,416273	0,486759	0,388856	0,326741	0,343744	0,408965	0,373975	0,445318	0,416621	0,522441	0,246013	0,434396	0,423815	0,49456	0,513173	0,496435
0,48	0,561532	0,549526	0,497116	0,364979	0,325536	0,469864	0,47321	0,476447	0,489944	0,543788	0,532038	0,504265	0,587204	0,491331	0,406614	0,437501	0,422589	0,472449	0,31905	0	0,518759	0,49456	0,513173	0,496435
0,48	0,560854	0,56419	0,580539	0,571739	0,693946	0,533653	0,535977	0,539007	0,466743	0,535011	0,528176	0,503625	0,502754	0,404052	0,387464	0,467405	0,39377	0,509375	0,313774	0	0,513218	0,49456	0,513173	0,496435
0,48	0,49938	0,496211	0,413632	0,510024	0,619639	0,398106	0,399692	0,402968	0,256831	0,479781	0,437969	0,407069	0,411458	0,425411	0,428021	0,456206	0,415639	0,522582	0,312087	0,320763	0,47543	0,49456	0,513173	0,496435
0,48	0,612522	0,610624	0,621084	0,181921	0,047677	0,552097	0,572556	0,562198	0,195641	0,323916	0,406551	0,398672	0,491582	0,610673	0,42574	0,471495	0,418827	0,468381	0,280633	0	0,387617	0,49456	0,513173	0,496435
0,48	0,55465	0,587078	0,594218	0,523642	0,656179	0,417806	0,429653	0,41551	0,597472	0,567865	0,517935	0,504074	0,504267	0,420824	0,491459	0,458573	0,428975	0,397999	0,316546	0	0,411579	0,49456	0,513173	0,496435
0,48	0,504865	0,497568	0,497116	0,410343	0,334197	0,445517	0,44406	0,448153	0,489859	0,471975	0,479283	0,514924	0,535083	0,518439	0,391802	0,490415	0,41911	0,541471	0,325197	0,415736	0,559904	0,49456	0,513173	0,496435
0,48	0,491806	0,490653	0,443573	0,565481	0,567016	0,448099	0,450916	0,455881	0,301393	0,429324	0,438393	0,595189	0,513926	0,570527	0,407959	0,493954	0,406985	0,484291	0,321137	0	0,435069	0,49456	0,513173	0,496435
0,48	0,483904	0,480371	0,359928	0,585172	0,670249	0,439889	0,437072	0,445987	0,369087	0,402016	0,427082	0,580169	0,543388	0,642281	0,430603	0,469093	0,427827	0,429621	0,331022	0	0,358098	0,49456	0,513173	0,496435
0,48	0,485912	0,524628	0,567417	0,493897	0,5849	0,391405	0,413777	0,391577	0,729753	0,588185	0,481874	0,362156	0,369394	0,312959	0,500321	0,526695	0,447573	0,425272	0,262918	0,578685	0,463133	0,49456	0,513173	0,496435
0,48	0,40752	0,465927	0,503595	0,572492	0,766937	0,398453	0,411805	0,402968	0,748726	0,703386	0,539172	0,434733	0,424833	0,312959	0,522633	0,465691	0,460732	0,524308	0,270063	0,701917	0,592924	0,49456	0,513173	0,496435
0,48	0,470272	0,50924	0,526654	0,710519	0,836082	0,368041	0,388751	0,367931	0,739411	0,595568	0,413805	0,40165	0,304711	0,312959	0,50426	0,470986	0,437316	0,52197	0,247359	0,807574	0,49118	0,49456	0,513173	0,496435
0,48	0,506658	0,537573	0,57691	0,645637	0,824156	0,39374	0,417095	0,398476	0,741637	0,593402	0,474425	0,502338	0,428175	0,3913	0,519161	0,489863	0,459044	0,577644	0,264547	0,573594	0,582324	0,49456	0,513173	0,496435
0,48	0,450668	0,504167	0,541632	0,686711	0,79004	0,404786	0,3832	0,366458	0,747274	0,548019	0,615551	0,803282	0,576409	0,37499	0,498722	0,474503	0,407547	0,487759	0,422834	0,422753	0,527615	0,497935	0,470435	0,432002
0,48	0,497516	0,501563	0,548541	0,63458	0,739461	0,422682	0,420832	0,426364	0,545232	0,489439	0,507542	0,751082	0,614765	0,566378	0,456129	0,429721	0,49028	0,465274	0,319629	0,554914	0,464407	0,49456	0,513173	0,496435
0,48	0,445705	0,419732	0,288726	0,486865	0,603768	0,391999	0,40789	0,397488	0,472048	0,439499	0,438393	0,413423	0,440596	0,46531	0,449403	0,448072	0,469435	0,535268	0,257025	0,690704	0,453899	0,49456	0,513173	0,496435
0,48	0,346646	0,333239	0,251239	0,526245	0,596863	0,359896	0,388751	0,363366	0,557276	0,40116	0,425443	0,339549	0,319858	0,320492	0,456263	0,474747	0,445482	0,597531	0,271728	0,648357	0,413395	0,49456	0,513173	0,496435
0,56	0,490837	0,539629	0,626468	0,426678	0,468338	0,417806	0,437072	0,439321	0,718832	0,699978	0,479898	0,34442	0,384636	0,331254	0,472752	0,457691	0,459204	0,456239	0,268318	0,514102	0,561342	0,49456	0,513173	0,496435
0,56	0,49938	0,541658	0,503595	0,412503	0,29826	0,468634	0,461263	0,470644	0,850983	0,692525	0,626684	0,625896	0,600788	0,383294	0,302939	0,58279	0,335114	0,438122	0,313774	0,428841	0,556261	0,49456	0,513173	0,496435
0,56	0,490837	0,293775	0,251239	0,427646	0,375534	0,473277	0,484074	0,48043	0,606484	0,441661	0,446586	0,521364	0,547071	0,602005	0,340785	0,516899	0,564802	0,481434	0,300335	0,394636	0,446938	0,49456	0,513173	0,496435
0,56	0,356185	0,372663	0,398775	0,473716	0,57853	0,398969	0,406607	0,400017	0,697686	0,53211	0,519212	0,412743	0,449269	0,357365	0,528986	0,445682	0,507574	0,430313	0,30786	0,456123	0,469403	0,49456	0,513173	0,496435
0,56	0,431234	0,327722	0	0,427365	0,429856	0,579756	0,610236	0,588658	0,504112	0,352509	0,393941	0,446857	0,514539	0,684719	0,492216	0,402264	0,587074	0,527062	0,280888	0,576241	0,402115	0,49456	0,513173	0,496435
0,56	0,478784	0,458981	0,371234	0,369059	0,269409	0,453989	0,467291	0,455812	0,453194	0,308193	0,386886	0,457005	0,487862	0,657671	0,423985	0,476051	0,45033	0,44049	0,28451	0	0,326232	0,49456	0,513173	0,496435
0,56	0,778373	0,778612	0,871019	0,413993	0,47362	0,479766	0,472621	0,47899	0,552733	0,63802	0,587085	0,480837	0,571969	0,401557	0,394461	0,4497	0,429864	0,535268	0,307477	0,447374	0,648328	0,49456	0,513173	0,496435
0,56	0,568193	0,605887	0,647506	0,3879	0,364961	0,50453	0,502148	0,504845	0,335461	0,430079	0,452584	0,45513	0,52352	0,553608	0,540587	0,445816	0,419391	0,53832	0,271071	0	0,509422	0,49456	0,513173	0,496435
0,56	0,43531	0,447829	0,251239	0,486418	0,534605	0,414116	0,417947	0,412753	0,767173	0,391278	0,417142	0,492712	0,493415	0,587936	0,397167	0,560391	0,444576	0,403055	0,218857	0,448176	0,33337	0,572656	0,530164	0,593696
0,56	0,551122	0,549526	0,580539	0,407662	0,372691	0,448844	0,483149	0,445742	0,346821	0,369234	0,436473	0,426284	0,457801	0,493101	0,409755	0,467855	0,421237	0,445259	0,271728	0,492099	0,405981	0,441175	0,422061	0,691593
0,56	0,564222	0,553318	0,523986	0,415483	0,417804	0,456984	0,461263	0,463747	0,431598	0,471658	0,471521	0,506676	0,564735	0,571899	0,40808	0,456584	0,421237	0,547099	0,317666	0,400493	0,556261	0,49456	0,513173	0,496435
0,56	0,603224	0,577649	0,483046	0,455735	0,506676	0,436887	0,443179	0,443225	0,496768	0,484353	0,474266	0,442642	0,484545	0,461384	0,376997	0,452482	0,395545	0,493319	0,301543	0	0,484619	0,49456	0,513173	0,496435
0,56	0,530142	0,536534	0,512731	0,409792	0,413158	0,454357	0,455701	0,457714	0,44055	0,475126	0,478512	0,460193	0,535083	0,520054	0,420251	0,492382	0,425387	0,460271	0,310567	0,359163	0,446938	0,49456	0,513173	0,496435
0,56	0,496576	0,478839	0,313196	0,51018	0,593768	0,4123	0,429047	0,420631	0,357164	0,431582	0,415357	0,46494	0,458078	0,535753	0,438958	0,441905	0,448257	0,486408	0,297477	0,443179	0,407873	0,49456	0,513173	0,496435
0,56	0,454295	0,453523	0,346999	0,437359	0,259379	0,434762	0,457933	0,44615	0,336136	0,456107	0,466023	0,544311	0,469086	0,455385	0,387304	0,49165	0,40777	0,417033	0,309236	0,491772	0,407873	0,441175	0,422061	0,691593
0,56	0,509316	0,469271	0,458275	0,5691	0,655205	0,417687	0,430676	0,423022	0,298827	0,446456	0,431421	0,549022	0,492271	0,553608	0,414571	0,462936	0,464246	0,49512	0,312883	0,449206	0,438128	0,49456	0,513173	0,496435
0,56	0,483904	0,483386	0,453583	0,445695	0,434281	0,434589	0,449581	0,44744	0,34605	0,445046	0,442353	0,480837	0,504267	0,547767	0,464748	0,470851	0,448071	0,487942	0,305906	0,418537	0,404062	0,49456	0,513173	0,496435
0,56	0,508434	0,515347	0,479259	0,367239	0,272704	0,54008	0,550937	0,553449	0,444702	0,420651	0,438182	0,507869	0,561837	0,643402	0,439853	0,457529	0,43082	0,466004	0,303994	0,454577	0,413395	0,49456	0,513173	0,496435
0,56	0,521253	0,501563	0,531835	0,467879	0,539192	0,446015	0,447268	0,449859	0,358348	0,515397	0,491769	0,493325	0,532114	0,493101	0,410813	0,503588	0,469203	0,44103	0,317766	0,363633	0,445506	0,49456	0,513173	0,496435
0,56	0,47564	0,489229	0,43821	0,466001	0,447511	0,437715	0,436233	0,441306	0,452196	0,449947	0,468049	0,46011	0,470899	0,455385	0,411856	0,489853	0,394184	0,51824	0,33168	0,442588	0,502564	0,49456	0,513173	0,496435
0,56	0,558806	0,548563	0,55512	0,434667	0,464435	0,38076	0,397585	0,381439	0,265077	0,328023	0,342533	0,332796	0,338333	0,49486	0,468119	0,431769	0,45867	0,756675	0,264547	0	0,430354	0,49456	0,513173	0,496435
0,56	0,579681	0,554253	0,331806	0,48865	0,537898	0,462651	0,460958	0,469117	0,407527	0,421044	0,434302	0,532783	0,553911	0,641158	0,397724	0,469134	0,409637	0,444129	0,341013	0	0,373737	0,49456	0,513173	0,496435
0,56	0,481874	0,531236	0,443573	0,367147	0,216141	0,509548	0,511331	0,51419	0,269725	0,318725	0,372359	0,472888	0,472694	0,672467	0,532453	0,45374	0,401457	0,465421	0,294927	0	0,349437	0,49456	0,513173	0,496435
0,56	0,484911	0,470913	0,490282	0,390179	0,316737	0,452808	0,459517	0,457312	0,337373	0,383725	0,417394	0,457005	0,483105	0,570527	0,40587	0,473289	0,444576	0,510253	0,305906	0	0,442599	0,49456	0,513173	0,496435
0,56	0,534826	0,511713	0,509758	0,426873	0,383014	0,435793	0,449643	0,450994	0,271831	0,37271	0,386886	0,435416	0,446328	0,583997	0,40735	0,474285	0,41995	0,453043	0,344527	0,431871	0,352396	0,44964	0,457277	0,410606
0,56	0,47564	0,441875	0,398775	0,55432	0,589439	0,412564	0,432095	0,42751	0,329104	0,44202	0,421121	0,516839	0,462996	0,531127	0,420663	0,465531	0,463897	0,478378	0,30709	0,421027	0,436606	0,49456	0,513173	0,496435
0,56	0,476694	0,474138	0,467123	0,426165	0,387267	0,388743	0,426831	0,408087	0,192122	0,268555	0,282083	0,309744	0,320567	0,641158	0,436295	0,494398	0,443593	0,460955	0,241603	0,596504	0,310349	0,49456	0,513173	0,496435
0,56	0,436646	0,439828	0,500397	0,528802	0,402944	0,383414	0,389472	0,381713	0,269593	0,360267	0,358988	0,43127	0,335226	0,467252	0,391952	0,526002	0,443196	0,555259	0,221242	0	0,441124	0,557227	0,35625	0,432002
0,56	0,514523	0,439828	0,458275	0,545806	0,577767	0,401799	0,388387	0,398671	0,133058	0,250703	0,321999	0,505538	0,467517	0,84701	0,481748	0,439351	0,513363	0,469446	0,203961	0,471878	0,310349	0,622882	0,592086	0,84495
0,56	0,511938	0,48487	0,55934	0,412643	0,464761	0,476504	0,456855	0,463444	0,44286	0,584162	0,631966	0,504329	0,595702	0,37499	0,414571	0,45835	0,482969	0,404062	0,328285	0,484812	0,535218	0,622882	0,592086	0,84495
0,56	0,487898	0,516539	0,493746	0,509822	0,502641	0,464166	0,424714	0,379194	0,334219	0,21257	0,336178	0,351284	0,319858	0,472996	0,407837	0,538915	0,371534	0,499266	0,382366	0,52352	0,336772	0,300007	0,305678	0,432002
0,56	0,450668	0,458981	0,331806	0,490326	0,446621	0,442737	0,461868	0,450392	0,373069	0,334762	0,35942	0,372926	0,344916	0,467252	0,399236	0,516714	0,385652	0,500987	0,394471	0,502492	0,363539	0,300007	0,305678	0,432002
0,56	0,419827	0,445875	0,420329	0,557428	0,673478	0,418514	0,450736	0,432392	0,373069	0,379247	0,374985	0,38301	0,346656	0,438688	0,442169	0,481578	0,403749	0,446721	0,391115	0,464385	0,33337	0,300007	0,305678	0,432002
0,56	0,473513	0,490653	0,406474	0,52231	0,584521	0,415623	0,458993	0,439778	0,304668	0,341836	0,333961	0,373532	0,333962	0,506885	0,439691	0,483387	0,397402	0,495236	0,391052	0,495923	0,329859	0,300007	0,305678	0,432002
0,56	0,439286	0,422132	0,413632	0,52204	0,570485	0,454964	0,46106	0,450316	0,298091	0,390377	0,437543	0,481057	0,444539	0,471095	0,413225	0,466352	0,424002	0,422453	0,439609	0,416928	0,371266	0,300007	0,305678	0,432002
0,56	0,421299	0,465927	0,406474	0,760003	0,811423	0,413988	0,407381	0,403857	0,717012	0,726354	0,653438	0,854079	0,588212	0,347965	0,54131	0,477036	0,446883	0,443779	0,294396	0,546423	0,555523	0,49456	0,513173	0,496435
0,56	0,432605	0,469271	0,550769	0,420827	0,457775	0,470748	0,472325	0,477419	0,826459	0,689408	0,609215	0,563152	0,640683	0,438688	0,484154	0,590241	0,506279	0,52688	0,284256	0	0,705569	0,9	0,9	0,691593
0,56	0,532498	0,56419	0,629092	0,457088	0,509356	0,424702	0,442007	0,429515	0,602212	0,614626	0,555888	0,526176	0,537282	0,406521	0,60214	0,505311	0,406532	0,40101	0,336171	0,4845	0,461847	0,540847	0,572392	0,9
0,56	0,390578	0,422132	0,313196	0,484147	0,542865	0,400983	0,410612	0,40576	0,554302	0,412449	0,444185	0,400912	0,406609	0,411384	0,55174	0,453174	0,431842	0,470362	0,286088	0,565317	0,425479	0,49456	0,513173	0,496435
0,64	0,416841	0,475723	0,539248	0,386335	0,375041	0,460219	0,483968	0,481973	0,661209	0,692836	0,527631	0,388794	0,454155	0,354279	0,63195	0,449917	0,479792	0,476322	0,28865	0,354346	0,611452	0,49456	0,513173	0,496435
0,64	0,533277	0,548563	0,561403	0,495335	0,560915	0,47047	0,474739	0,472344	0,667331	0,687525	0,602498	0,552689	0,606162	0,41615	0,430239	0,457949	0,412603	0,526926	0,286527	0,50348	0,681376	0,49456	0,513173	0,496435
0,64	0,443168	0,398579	0,398775	0,494041	0,544152	0,451152	0,453327	0,455881	0,8822	0,556303	0,51247	0,43385	0,442731	0,360406	0,295288	0,60778	0,446883	0,44334	0,29909	0	0,460551	0,49456	0,513173	0,496435
0,64	0,375443	0,28507	0,313196	0,446864	0,438005	0,446297	0,485645	0,482107	0,401125	0,470385	0,417647	0,483525	0,51228	0,616737	0,50615	0,409113	0,641425	0,463876	0,283341	0,429176	0,442599	0,49456	0,513173	0,496435
0,64	0,491806	0,395647	0,483046	0,329264	0,187958	0,542759	0,553876	0,550519	0,393243	0,412041	0,435175	0,546098	0,584591	0,686725	0,396887	0,478155	0,667026	0,49512	0,294218	0,433168	0,446938	0,49456	0,513173	0,496435
0,64	0,477742	0,445875	0,413632	0,574547	0,530899	0,436971	0,429996	0,435817	0,309834	0,451329	0,455017	0,577201	0,53379	0,563583	0,435701	0,427483	0,45824	0,496155	0,29276	0,427492	0,466925	0,49456	0,513173	0,496435
0,64	0,44059	0,474138	0,443573	0,506621	0,55897	0,444871	0,437223	0,444245	0,582105	0,611901	0,558402	0,535598	0,538916	0,404052	0,457714	0,427056	0,412706	0,481498	0,306436	0	0,552544	0,49456	0,513173	0,496435
0,64	0,490837	0,507988	0,500397	0,387448	0,355988	0,42553	0,425088	0,430598	0,552575	0,578571	0,507792	0,360157	0,406988	0,327734	0,43961	0,415629	0,408325	0,454492	0,290857	0,553067	0,487933	0,49456	0,513173	0,496435
0,64	0,410691	0,429064	0,443573	0,387824	0,340899	0,47084	0,498985	0,49341	0,652889	0,603186	0,543746	0,449278	0,493186	0,37499	0,521109	0,621431	0,42151	0,468166	0,299718	0,55838	0,516011	0,44964	0,457277	0,410606
0,64	0,460173	0,395647	0,467123	0,340385	0,189258	0,536641	0,545074	0,542927	0,404581	0,375399	0,4151	0,538741	0,579419	0,734814	0,426029	0,472001	0,590032	0,468166	0,312202	0,42228	0,394028	0,49456	0,513173	0,496435
0,64	0,421299	0,348135	0,346999	0,473777	0,519584	0,423754	0,438567	0,428298	0,450831	0,343563	0,370828	0,460691	0,475981	0,682703	0,458171	0,446349	0,599027	0,4791	0,295796	0,413763	0,358098	0,49456	0,513173	0,496435
0,64	0,463606	0,458981	0,426626	0,402884	0,249899	0,468009	0,468204	0,475059	0,133277	0,224541	0,292644	0,448564	0,433705	0,9	0,480344	0,458541	0,490209	0,478773	0,303713	0,369611	0,268136	0,49456	0,513173	0,496435
0,64	0,617819	0,567658	0,55512	0,401788	0,420461	0,468825	0,469726	0,475459	0,560627	0,580086	0,536729	0,461681	0,543565	0,436523	0,399913	0,454097	0,430899	0,500323	0,294039	0,471917	0,575141	0,49456	0,513173	0,496435
0,64	0,506658	0,517721	0,51848	0,386918	0,355861	0,462809	0,478852	0,470698	0,55053	0,456275	0,487782	0,400417	0,465138	0,41615	0,410462	0,483056	0,416426	0,514903	0,275728	0,471455	0,552544	0,49456	0,513173	0,496435
0,64	0,505764	0,515347	0,448689	0,452702	0,429286	0,475745	0,477223	0,482951	0,621412	0,53211	0,520821	0,554497	0,582978	0,505197	0,411162	0,466538	0,411559	0,511227	0,327573	0	0,566288	0,49456	0,513173	0,496435
0,64	0,502143	0,506726	0,490282	0,458995	0,528184	0,453433	0,453786	0,460457	0,483311	0,572657	0,528826	0,505982	0,558406	0,46531	0,408802	0,46688	0,416426	0,516337	0,297968	0,400201	0,586759	0,49456	0,513173	0,496435
0,64	0,538647	0,50924	0,503595	0,449489	0,514996	0,474154	0,478814	0,481973	0,470549	0,517541	0,504116	0,473272	0,540896	0,482313	0,416221	0,458541	0,440213	0,465055	0,311741	0	0,483499	0,49456	0,513173	0,496435
0,64	0,538647	0,539629	0,557246	0,439929	0,426433	0,434415	0,44074	0,44104	0,600364	0,527638	0,460637	0,446766	0,468042	0,463354	0,367081	0,471615	0,397402	0,536378	0,273629	0,502342	0,562769	0,49456	0,513173	0,496435
0,64	0,483904	0,506726	0,52927	0,479232	0,532002	0,470932	0,487614	0,477947	0,392841	0,505115	0,487347	0,522579	0,543211	0,513542	0,443031	0,4333	0,438673	0,480143	0,288443	0,572352	0,489023	0,49456	0,513173	0,496435
0,64	0,415327	0,441875	0,398775	0,415151	0,418382	0,444436	0,470079	0,456362	0,378986	0,46195	0,451636	0,42399	0,475227	0,487758	0,50249	0,506981	0,461922	0,451165	0,283813	0,447705	0,423815	0,557227	0,35625	0,432002
0,64	0,550409	0,52575	0,398775	0,363209	0,310282	0,460163	0,468204	0,468002	0,507798	0,490621	0,486766	0,444764	0,513721	0,478624	0,392995	0,453157	0,413324	0,468879	0,299873	0,441097	0,485731	0,49456	0,513173	0,496435
0,64	0,582153	0,533377	0,594218	0,449694	0,532303	0,426244	0,43348	0,424837	0,54245	0,528152	0,527522	0,458103	0,505768	0,408965	0,363357	0,464201	0,456658	0,443428	0,315076	0,535591	0,478939	0,529321	0,33718	0,593696
0,64	0,586411	0,538604	0,471308	0,376058	0,33828	0,52154	0,519488	0,519834	0,368245	0,461124	0,489648	0,506045	0,585028	0,563583	0,402561	0,425452	0,434219	0,449591	0,315501	0,432034	0,431943	0,49456	0,513173	0,496435
0,64	0,5229	0,487791	0,462784	0,517203	0,613946	0,427842	0,434676	0,433012	0,449738	0,530202	0,490075	0,5235	0,525655	0,487758	0,426029	0,429551	0,456988	0,468095	0,29313	0	0,465672	0,49456	0,513173	0,496435
0,64	0,532498	0,515347	0,420329	0,433122	0,461494	0,431274	0,434041	0,437359	0,463539	0,483141	0,469879	0,437639	0,487862	0,472996	0,414793	0,44961	0,431294	0,486284	0,297642	0,484466	0,478939	0,49456	0,513173	0,496435
0,64	0,441884	0,472535	0,313196	0,605996	0,678347	0,455206	0,472494	0,461845	0,315174	0,474656	0,468216	0,594832	0,594448	0,620327	0,722911	0,425503	0,449968	0,52145	0,287604	0,463564	0,501561	0,49456	0,513173	0,496435
0,64	0,444441	0,441875	0,420329	0,485683	0,529794	0,42968	0,430337	0,429733	0,62235	0,548858	0,52365	0,499408	0,515354	0,425411	0,38182	0,50538	0,422231	0,456554	0,287476	0,532006	0,500552	0,44964	0,457277	0,410606
0,64	0,47982	0,523499	0,497116	0,499691	0,525158	0,442436	0,458147	0,445412	0,305031	0,391503	0,414325	0,496092	0,482139	0,586628	0,70594	0,432492	0,443527	0,468808	0,31243	0,408966	0,389789	0,49456	0,513173	0,496435
0,64	0,478784	0,437747	0,398775	0,424791	0,330749	0,475703	0,481332	0,481883	0,413567	0,452704	0,468049	0,530257	0,524687	0,524849	0,386012	0,4869	0,42078	0,452719	0,305906	0,639907	0,438128	0,557227	0,489335	0,64801
0,64	0,351502	0,395647	0,420329	0	0	0,448979	0,407253	0,404208	0,531862	0,635297	0,761417	0,464536	0,548802	0,242402	0,436464	0,462273	0,400964	0,527697	0,283813	0,536571	0,9	0,622882	0,592086	0,84495
0,64	0,546806	0,494842	0,471308	0,452017	0,424371	0,440984	0,450009	0,450392	0,460946	0,520859	0,490358	0,509241	0,509156	0,467252	0,367294	0,467517	0,424002	0,476121	0,319147	0,455595	0,497487	0,49456	0,513173	0,496435
0,64	0,502143	0,501563	0,443573	0,4493	0,442829	0,402283	0,407509	0,376539	0,336024	0,353598	0,429841	0,394341	0,407365	0,432137	0,431684	0,456584	0,425044	0,522394	0,286961	0,56192	0,428748	0,49456	0,513173	0,496435
0,64	0,52935	0,451652	0,398775	0,455249	0,512437	0,426749	0,428259	0,4326	0,571975	0,565384	0,515228	0,462993	0,477974	0,393907	0,354206	0,45665	0,438034	0,470291	0,328831	0,499911	0,505537	0,49456	0,513173	0,496435
0,64	0,445705	0,467609	0,313196	0,473415	0,528688	0,414497	0,407763	0,386642	0,32497	0,343849	0,455017	0,466385	0,485023	0,496609	0,421175	0,491517	0,409962	0,508075	0,256275	0,65626	0,416956	0,572656	0,530164	0,593696
0,64	0,526956	0,517721	0,483046	0,34107	0,221414	0,500913	0,500379	0,498195	0,360921	0,417088	0,46046	0,524814	0,559883	0,589239	0,42428	0,460462	0,425814	0,490838	0,317766	0,406585	0,471842	0,49456	0,513173	0,496435
0,64	0,444441	0,490653	0,420329	0,525333	0,609424	0,419673	0,433802	0,424837	0,520956	0,556419	0,506282	0,497559	0,487156	0,41615	0,628298	0,441439	0,434445	0,493202	0,299562	0,525856	0,518759	0,49456	0,513173	0,496435
0,64	0,404282	0,409625	0,398775	0,459426	0,436427	0,442661	0,451927	0,448857	0,386671	0,613753	0,53826	0,480251	0,484545	0,372151	0,514307	0,508543	0,492516	0,506867	0,330428	0,459838	0,585502	0,49456	0,513173	0,496435
0,64	0,431234	0,443891	0,493746	0,422213	0,389081	0,447275	0,455867	0,451887	0,393142	0,600565	0,53642	0,43983	0,469346	0,360406	0,535068	0,420502	0,5082	0,517706	0,342061	0,456911	0,595337	0,49456	0,513173	0,496435
0,64	0,477742	0,481887	0,483046	0,472956	0,556142	0,431825	0,438493	0,439137	0,443137	0,579005	0,530655	0,487161	0,506621	0,406521	0,428767	0,471562	0,424612	0,454971	0,361065	0,528867	0,49118	0,44964	0,457277	0,410606
0,64	0,47564	0,521214	0,493746	0,351328	0,266242	0,500942	0,519676	0,507361	0,394247	0,4539	0,461521	0,478774	0,546374	0,567767	0,630427	0,43511	0,444446	0,472932	0,339697	0,348509	0,441124	0,49456	0,513173	0,496435
0,64	0,485912	0,467609	0,467123	0,391906	0,243405	0,435622	0,442974	0,439229	0,34627	0,414074	0,428239	0,518321	0,487156	0,552157	0,404615	0,459003	0,430024	0,439221	0,323215	0,490391	0,380868	0,441175	0,422061	0,691593
0,64	0,495632	0,505452	0,453583	0,401832	0,394014	0,468009	0,522688	0,484044	0,419927	0,363903	0,374241	0,316031	0,351185	0,44717	0,398826	0,483432	0,393631	0,507078	0,387028	0,564193	0,387617	0,300007	0,305678	0,432002
0,64	0,490837	0,501563	0,526654	0,483958	0,518261	0,467622	0,488114	0,476348	0,397048	0,448382	0,457949	0,474113	0,474471	0,47676	0,413112	0,50425	0,41554	0,456554	0,454692	0,468408	0,430354	0,300007	0,305678	0,432002
0,64	0,460173	0,464224	0,462784	0,477373	0,538794	0,517507	0,525038	0,523641	0,313046	0,461289	0,470373	0,524301	0,550519	0,555052	0,561343	0,432955	0,465724	0,423924	0,482762	0,450641	0,405981	0,300007	0,305678	0,432002
0,64	0,472439	0,453523	0,346999	0,47648	0,387267	0,452871	0,477145	0,468729	0,320099	0,368481	0,379694	0,43629	0,39107	0,505197	0,371219	0,534793	0,388577	0,470992	0,389493	0,466895	0,360849	0,300007	0,305678	0,432002
0,64	0,565554	0,605887	0,666128	0,361375	0,325133	0,476378	0,479006	0,452108	0,394648	0,426661	0,517702	0,361493	0,430475	0,341448	0,426029	0,449953	0,388877	0,527108	0,871114	0,543091	0,586759	0,56761	0,530164	0,325486
0,64	0,489863	0,501563	0,47535	0,626264	0,697706	0,418514	0,414457	0,409054	0,301027	0,360267	0,415357	0,497227	0,405086	0,455385	0,435103	0,525163	0,387668	0,448081	0,458679	0,427039	0,376159	0,300007	0,305678	0,432002
0,64	0,481874	0,500244	0,420329	0,354167	0,219212	0,9	0,9	0,9	0,300661	0,418083	0,476955	0,504521	0,528149	0,513542	0,488459	0,512732	0,381242	0,49285	0,781967	0,453549	0,49331	0,56761	0,530164	0,325486
0,64	0,351502	0,379728	0,346999	0,47855	0,567016	0,417209	0,43226	0,420115	0,722076	0,682216	0,575757	0,446132	0,478716	0,327734	0,669615	0,472582	0,484089	0,445	0,318757	0,362562	0,516932	0,49456	0,513173	0,496435
0,64	0,511938	0,502871	0,458275	0,492515	0,562371	0,419443	0,437374	0,424837	0,670548	0,531602	0,503472	0,439736	0,447511	0,37499	0,460925	0,472424	0,449483	0,461862	0,28865	0	0,480091	0,49456	0,513173	0,496435
0,64	0,410691	0,389546	0,288726	0,503624	0,569426	0,395238	0,413891	0,399827	0,727694	0,563681	0,513916	0,383432	0,380185	0,292619	0,407594	0,52201	0,445095	0,49431	0,292945	0,572497	0,529333	0,49456	0,513173	0,496435
0,64	0,465856	0,478839	0,515638	0,475629	0,519787	0,39828	0,418578	0,402968	0,514118	0,456781	0,567401	0,47396	0,490659	0,347965	0,437137	0,500315	0,448934	0,485229	0,303994	0,506226	0,520567	0,49456	0,513173	0,496435
0,64	0,432605	0,449755	0,331806	0,494299	0,531601	0,396333	0,411092	0,400957	0,579527	0,491358	0,436473	0,37959	0,372289	0,37499	0,408922	0,469313	0,435711	0,493494	0,28451	0,610993	0,449761	0,49456	0,513173	0,496435
0,64	0,44696	0,445875	0,346999	0,504075	0,631747	0,40509	0,415792	0,410003	0,618737	0,66034	0,535492	0,429255	0,431774	0,324148	0,419524	0,553777	0,407881	0,479035	0,282379	0,575074	0,553293	0,557227	0,35625	0,432002
0,64	0,371392	0,352646	0,346999	0,503739	0,512129	0,454722	0,443723	0,44166	0,524556	0,621722	0,599209	0,53262	0,518781	0,341448	0,366007	0,522896	0,471405	0,602491	0,297477	0,523109	0,742399	0,49456	0,513173	0,496435
0,64	0,488883	0,515347	0,503595	0,559523	0,652189	0,424806	0,433561	0,430383	0,687072	0,635934	0,566558	0,547263	0,498142	0,354279	0,392847	0,507291	0,422052	0,484102	0,296477	0,549848	0,564184	0,49456	0,513173	0,496435
0,64	0,381309	0,422132	0,313196	0,480152	0,548888	0,408751	0,426922	0,412604	0,554224	0,587869	0,533723	0,449545	0,448392	0,341448	0,559416	0,52341	0,404221	0,522863	0,286308	0,574274	0,592924	0,557227	0,35625	0,432002
0,64	0,402637	0,443891	0,371234	0,484901	0,512129	0,409731	0,425644	0,414798	0,491571	0,457622	0,445591	0,428237	0,423817	0,429915	0,514762	0,487182	0,438176	0,473617	0,292945	0,611734	0,428748	0,49456	0,513173	0,496435
0,64	0,459014	0,487791	0,506714	0,538193	0,597237	0,392391	0,414569	0,396887	0,565356	0,453388	0,434302	0,403843	0,372289	0,38056	0,491994	0,489496	0,460628	0,482966	0,287604	0,541214	0,438128	0,49456	0,513173	0,496435
0,64	0,469179	0,439828	0,371234	0,507241	0,584711	0,401961	0,412276	0,40677	0,377746	0,408336	0,3967	0,411946	0,404319	0,491331	0,447357	0,437003	0,476606	0,476522	0,294396	0,575499	0,376159	0,49456	0,513173	0,496435
0,64	0,462469	0,469271	0,453583	0,52007	0,581578	0,412956	0,425459	0,418131	0,786522	0,64914	0,607247	0,526628	0,504912	0,324148	0,400182	0,556248	0,41995	0,504041	0,314322	0,533846	0,619051	0,49456	0,513173	0,496435
0,64	0,443168	0,433481	0,313196	0,53144	0,557216	0,373546	0,399545	0,37744	0,679185	0,45012	0,536729	0,47818	0,444539	0,334712	0,407594	0,535959	0,412499	0,475314	0,334288	0,533036	0,448356	0,49456	0,513173	0,496435
0,64	0,448205	0,472535	0,313196	0,522495	0,553894	0,39278	0,40172	0,397289	0,482878	0,435666	0,41638	0,405406	0,378366	0,413779	0,510298	0,465125	0,429703	0,479362	0,290268	0,565146	0,407873	0,49456	0,513173	0,496435
0,64	0,415327	0,447829	0,420329	0,707383	0,732932	0,384802	0,395071	0,389053	0,527731	0,500608	0,430294	0,524301	0,376986	0,388663	0,423689	0,476139	0,422589	0,473822	0,279598	0,553273	0,409739	0,49456	0,513173	0,496435
0,64	0,47564	0,486338	0,523986	0,524879	0,529894	0,408609	0,421332	0,413639	0,671777	0,57066	0,522525	0,458691	0,426178	0,331254	0,413677	0,504077	0,44644	0,503663	0,334561	0,531113	0,566984	0,49456	0,513173	0,496435
0,64	0,358465	0,395647	0,313196	0,520863	0,566243	0,415993	0,431764	0,421271	0,696623	0,613072	0,523874	0,46201	0,446031	0,347965	0,444421	0,481028	0,445031	0,49999	0,322949	0,538328	0,551035	0,49456	0,513173	0,496435
0,64	0,468078	0,458981	0,390433	0,522722	0,546128	0,419673	0,424526	0,425075	0,616271	0,625215	0,526096	0,49522	0,461643	0,363403	0,414904	0,482436	0,427993	0,47457	0,305098	0,531934	0,537682	0,49456	0,513173	0,496435
0,64	0,390578	0,40144	0,398775	0,539267	0,585658	0,400653	0,417095	0,405419	0,710153	0,560705	0,498748	0,43167	0,399634	0,327734	0,407716	0,519337	0,461614	0,462761	0,306436	0,554199	0,502564	0,49456	0,513173	0,496435
0,64	0,453094	0,462499	0,251239	0,553669	0,631566	0,399311	0,411569	0,413345	0,184419	0,391727	0,376821	0,462338	0,401994	0,531127	0,477102	0,454723	0,440005	0,496783	0,30786	0,54182	0,368744	0,49456	0,513173	0,496435
0,6	0,488883	0,520059	0,515638	0,44037	0,425517	0,510355	0,505221	0,511588	0,678101	0,655989	0,619526	0,699196	0,763091	0,540312	0,427833	0,467757	0,414239	0,472794	0,25282	0,586443	0,631959	0,572656	0,530164	0,593696
0,6	0,501227	0,424486	0,486717	0,367484	0,301925	0,446788	0,456363	0,454767	0,66431	0,436951	0,44153	0,402141	0,460007	0,485955	0,388886	0,479856	0,497877	0,441835	0,286308	0,475774	0,411579	0,49456	0,513173	0,496435
0,6	0,522078	0,571056	0,599039	0,418538	0,491681	0,417448	0,413777	0,415226	0,7161	0,577376	0,547328	0,392648	0,446625	0,331254	0,495226	0,509076	0,424612	0,475314	0,228877	0,62533	0,542509	0,572656	0,530164	0,593696
0,6	0,40591	0,443891	0,346999	0,496678	0,4965	0,435793	0,431348	0,4184	0,67783	0,437316	0,475062	0,521423	0,487156	0,463354	0,565475	0,487312	0,431294	0,49024	0,28451	0,643032	0,449761	0,49456	0,513173	0,496435
0,6	0,40752	0,383098	0,43821	0,494392	0,556533	0,461744	0,477615	0,466923	0,768721	0,428186	0,45315	0,528535	0,570884	0,621516	0,544304	0,471588	0,60312	0,4605	0,293678	0,441546	0,411579	0,49456	0,513173	0,496435
0,6	0,433963	0,414784	0,381315	0,551236	0,572119	0,423006	0,42755	0,42671	0,445161	0,534006	0,507165	0,510108	0,487862	0,41615	0,425353	0,403903	0,449117	0,49512	0,305638	0,495161	0,530186	0,49456	0,513173	0,496435
0,6	0,454295	0,31562	0,390433	0,397247	0,369835	0,430903	0,435847	0,426248	0,504868	0,345557	0,398801	0,367654	0,409611	0,49486	0,383526	0,494752	0,675963	0,456161	0,211753	0,567818	0,36617	0,51413	0,457277	0,410606
0,6	0,552541	0,518895	0,595842	0,517821	0,588306	0,456338	0,44714	0,443225	0,505036	0,443092	0,483674	0,546047	0,566963	0,550701	0,395612	0,449101	0,539367	0,480725	0,293859	0,49497	0,436606	0,49456	0,513173	0,496435
0,6	0,412252	0,441875	0,521262	0,613601	0,637074	0,445446	0,453442	0,448701	0,773723	0,504416	0,506156	0,69491	0,616295	0,570527	0,522601	0,501879	0,554833	0,516189	0,290662	0,503719	0,556261	0,49456	0,513173	0,496435
0,6	0,464735	0,383098	0,251239	0,425524	0,397958	0,402122	0,399987	0,407761	0,321845	0,337447	0,348492	0,39291	0,417581	0,637767	0,420354	0,475446	0,504162	0,454652	0,283578	0	0,310349	0,49456	0,513173	0,496435
0,6	0,432605	0,404232	0,448689	0,463117	0,484717	0,423861	0,435693	0,438767	0,580893	0,450293	0,44153	0,421017	0,430801	0,445076	0,385028	0,511108	0,474246	0,439494	0,343311	0,523827	0,407873	0,44964	0,457277	0,410606
0,6	0,545347	0,502871	0,595842	0,4549	0,45481	0,445731	0,445587	0,448545	0,535247	0,457454	0,45921	0,521074	0,539278	0,562177	0,381474	0,462786	0,570624	0,433807	0,328908	0,431436	0,391926	0,49456	0,513173	0,496435
0,6	0,425634	0,426796	0,483046	0,491887	0,518057	0,420356	0,421432	0,41551	0,426881	0,360005	0,408203	0,458607	0,437499	0,518439	0,440177	0,503325	0,477738	0,476989	0,342348	0,516769	0,373737	0,44964	0,457277	0,410606
0,6	0,471359	0,361115	0,406474	0,489699	0,550167	0,408182	0,428259	0,417861	0,549505	0,428945	0,411703	0,396778	0,412191	0,472996	0,373393	0,525896	0,56549	0,448671	0,29545	0,472988	0,373737	0,49456	0,513173	0,496435
0,6	0,427052	0,321867	0,313196	0,547196	0,56305	0,427645	0,443519	0,433319	0,400431	0,315399	0,353193	0,526006	0,48068	0,751418	0,459975	0,435422	0,607525	0,483598	0,290069	0,438464	0,34328	0,49456	0,513173	0,496435
0,6	0,589403	0,547595	0,526654	0,235894	0,092125	0,484974	0,464278	0,469667	0,441383	0,383024	0,451063	0,475026	0,549834	0,59568	0,389199	0,450919	0,424264	0,491433	0,300182	0,507562	0,405981	0,49456	0,513173	0,496435
0,6	0,622997	0,598892	0,642798	0,418272	0,445508	0,431642	0,43267	0,432703	0,491828	0,454411	0,45939	0,406951	0,458355	0,453355	0,368974	0,466624	0,41701	0,472242	0,29545	0,451329	0,44406	0,49456	0,513173	0,496435
0,6	0,623509	0,515347	0,483046	0,312294	0,22728	0,470098	0,473751	0,479784	0,496853	0,53287	0,506787	0,465825	0,55273	0,493101	0,352638	0,473886	0,438602	0,502795	0,289265	0	0,55404	0,49456	0,513173	0,496435
0,6	0,540155	0,516539	0,448689	0,443461	0,435185	0,471161	0,472155	0,476053	0,514945	0,495009	0,490925	0,589639	0,638607	0,629731	0,402821	0,43709	0,42409	0,455924	0,315501	0,417177	0,452532	0,49456	0,513173	0,496435
0,6	0,495632	0,518895	0,541632	0,439041	0,505437	0,454479	0,458253	0,461407	0,624223	0,601777	0,541476	0,467897	0,530236	0,41615	0,406491	0,451942	0,418733	0,516533	0,307733	0,384816	0,597721	0,49456	0,513173	0,496435
0,6	0,532498	0,550482	0,543974	0,432686	0,422419	0,44958	0,448716	0,454908	0,564041	0,467981	0,463791	0,528144	0,563934	0,587936	0,42886	0,488545	0,422856	0,46564	0,315289	0,437539	0,464407	0,49456	0,513173	0,496435
0,6	0,546806	0,515347	0,471308	0,431861	0,369087	0,485554	0,484672	0,492393	0,483744	0,578029	0,532144	0,575634	0,620329	0,529569	0,362905	0,460556	0,408545	0,539531	0,303854	0,466534	0,631458	0,49456	0,513173	0,496435
0,6	0,568193	0,553318	0,512731	0,435784	0,466822	0,483349	0,487648	0,492997	0,485213	0,586709	0,546368	0,569153	0,630242	0,516816	0,396181	0,473653	0,420963	0,519399	0,295102	0,306963	0,612005	0,49456	0,513173	0,496435
0,6	0,496576	0,48487	0,483046	0,501109	0,314548	0,497406	0,380289	0,31755	0,292652	0,206083	0,677746	0,735485	0,566963	0,312959	0,431505	0,432562	0,440627	0,482074	0,365669	0,626159	0,358098	0,49456	0,513173	0,496435
0,6	0,463606	0,478839	0,479259	0,4834	0,543459	0,41898	0,419098	0,419724	0,443782	0,493846	0,490925	0,49656	0,510412	0,467252	0,417516	0,446765	0,418922	0,475517	0,298932	0,442785	0,449761	0,49456	0,513173	0,496435
0,6	0,562207	0,501563	0,313196	0,396764	0,342856	0,449911	0,473876	0,461407	0,366662	0,40792	0,431421	0,447218	0,475981	0,529569	0,391802	0,465705	0,428894	0,472932	0,300792	0,485295	0,427123	0,49456	0,513173	0,496435
0,6	0,558806	0,571894	0,645169	0,44731	0,473513	0,45454	0,448716	0,44744	0,655532	0,477774	0,540278	0,492028	0,544799	0,43434	0,388099	0,47685	0,431294	0,513856	0,288235	0	0,591707	0,49456	0,513173	0,496435
0,6	0,522078	0,497568	0,592575	0,437052	0,386297	0,418043	0,399987	0,389521	0,322077	0,372463	0,475854	0,446676	0,445137	0,408965	0,342969	0,501385	0,470082	0,491017	0,268567	0,568377	0,484619	0,540847	0,572392	0,9
0,6	0,441884	0,480371	0,486717	0,472786	0,481957	0,438368	0,441868	0,438208	0,44461	0,615304	0,555071	0,467103	0,476731	0,347965	0,542739	0,473132	0,438319	0,518483	0,311158	0,445416	0,611452	0,49456	0,513173	0,496435
0,6	0,531716	0,395647	0,497116	0,46151	0,51428	0,428624	0,426922	0,433726	0,28321	0,471499	0,456124	0,452362	0,481411	0,48955	0,39417	0,400959	0,43437	0,491848	0,336427	0,43429	0,468169	0,49456	0,513173	0,496435
0,6	0,542397	0,552379	0,458275	0,393677	0,341943	0,455983	0,454976	0,464348	0,285243	0,348648	0,385553	0,445404	0,489266	0,664081	0,43638	0,476252	0,41363	0,429819	0,305369	0	0,33337	0,49456	0,513173	0,496435
0,6	0,471359	0,47729	0,390433	0,536043	0,602558	0,393166	0,401577	0,406937	0,404778	0,500608	0,414584	0,417215	0,3948	0,440835	0,388886	0,494329	0,38039	0,488003	0,301244	0,395789	0,423815	0,497935	0,382629	0,432002
0,6	0,534053	0,545641	0,432572	0,391882	0,327413	0,443924	0,443655	0,450919	0,300661	0,348648	0,386886	0,443937	0,483346	0,648953	0,43638	0,483818	0,410712	0,432171	0,313442	0	0,329859	0,49456	0,513173	0,496435
0,6	0,459014	0,453523	0,420329	0,453283	0,357895	0,472116	0,469193	0,465708	0,187185	0,250187	0,321999	0,325625	0,297198	0,461384	0,384198	0,542524	0,396081	0,507813	0,398891	0,49288	0,326232	0,300007	0,305678	0,432002
0,6	0,464735	0,455367	0,390433	0,521449	0,481531	0,430436	0,436692	0,440142	0,221552	0,300291	0,340984	0,378575	0,324739	0,472996	0,390741	0,538186	0,385809	0,461334	0,393437	0,476071	0,310349	0,300007	0,305678	0,432002
0,6	0,451885	0,457186	0,381315	0,538637	0,441374	0,445517	0,412509	0,394829	0,183724	0,205338	0,375723	0,450165	0,369394	0,47676	0,40735	0,535328	0,38158	0,435891	0,420544	0,437332	0,322479	0,300007	0,305678	0,432002
0,6	0,47458	0,489229	0,490282	0,597794	0,675306	0,412564	0,405823	0,406436	0,159755	0,24545	0,321358	0,451925	0,382428	0,650054	0,47999	0,454402	0,439167	0,414333	0,433003	0,429454	0,253659	0,300007	0,305678	0,432002
0,6	0,491806	0,507988	0,51848	0,382107	0,360175	0,446718	0,468159	0,438021	0,727887	0,487804	0,496325	0,421339	0,484066	0,427673	0,466598	0,493805	0,461974	0,509995	0,316443	0	0,511331	0,49456	0,513173	0,496435
0,6	0,491806	0,549526	0,645169	0,394079	0,343246	0,41898	0,433802	0,40677	0,723111	0,497176	0,496596	0,422723	0,434661	0,369275	0,474604	0,492088	0,442796	0,496383	0,313107	0,415167	0,49118	0,49456	0,513173	0,496435
0,6	0,421299	0,433481	0	0,521288	0,594988	0,39758	0,43348	0,41649	0,784633	0,589131	0,471194	0,461269	0,451586	0,425411	0,548239	0,606063	0,439587	0,524863	0,272373	0,523417	0,605845	0,557227	0,35625	0,432002
0,6	0,453094	0,462499	0,313196	0,498178	0,5884	0,39278	0,409515	0,397289	0,645265	0,549336	0,478975	0,376817	0,382872	0,331254	0,359655	0,524308	0,42666	0,497635	0,275141	0,647266	0,508459	0,49456	0,513173	0,496435
0,6	0,439286	0,470913	0,426626	0,463743	0,499733	0,423754	0,437674	0,429295	0,784938	0,652451	0,562793	0,432168	0,447511	0,312959	0,310205	0,641507	0,369923	0,483788	0,305504	0,544855	0,559904	0,49456	0,513173	0,496435
0,6	0,358465	0,343413	0,288726	0,516345	0,560137	0,379758	0,392936	0,383848	0,546738	0,46162	0,392061	0,335503	0,306316	0,344733	0,457518	0,512341	0,428404	0,512548	0,262498	0,600631	0,44406	0,49456	0,513173	0,496435
0,6	0,437972	0,386368	0,251239	0,50973	0,54237	0,408892	0,423385	0,413931	0,746137	0,58829	0,518517	0,418856	0,401212	0,309072	0,376812	0,541441	0,442796	0,468594	0,29276	0,562501	0,500552	0,49456	0,513173	0,496435
0,6	0,394125	0,395647	0	0,543044	0,66552	0,38937	0,396343	0,393768	0,571899	0,552426	0,506282	0,43127	0,407365	0,338109	0,414682	0,503052	0,431136	0,474909	0,291052	0,473899	0,49118	0,49456	0,513173	0,496435
0,6	0,425634	0,460751	0,331806	0,514293	0,60711	0,391004	0,404489	0,395455	0,590087	0,521913	0,461697	0,395372	0,388956	0,360406	0,456926	0,498365	0,41363	0,490719	0,287177	0,570167	0,480091	0,49456	0,513173	0,496435
0,6	0,517918	0,497568	0,506714	0,543714	0,608962	0,422682	0,429134	0,428186	0,690823	0,638562	0,547328	0,487302	0,455566	0,334712	0,432131	0,509605	0,445867	0,51911	0,303003	0,353637	0,606413	0,49456	0,513173	0,496435
0,6	0,40591	0,414784	0,331806	0,494289	0,522223	0,409173	0,425181	0,414222	0,686199	0,566853	0,506029	0,405883	0,396833	0,316764	0,423985	0,503989	0,430024	0,463209	0,310567	0,582749	0,470627	0,49456	0,513173	0,496435
0,6	0,481874	0,486338	0,483046	0,542085	0,662092	0,377952	0,390536	0,381985	0,671572	0,492385	0,539474	0,514623	0,490659	0,377793	0,448459	0,502049	0,454817	0,497067	0,295102	0,521507	0,494364	0,49456	0,513173	0,496435
0,6	0,431234	0,451652	0,413632	0,497697	0,556045	0,407752	0,421332	0,412753	0,651704	0,56921	0,499148	0,411374	0,410353	0,338109	0,404234	0,496536	0,428075	0,469587	0,309603	0,605841	0,502564	0,49456	0,513173	0,496435
0,6	0,412252	0,395647	0,251239	0,521271	0,5701	0,39393	0,406866	0,398476	0,554929	0,492532	0,428009	0,373381	0,353394	0,360406	0,427645	0,483124	0,440213	0,470852	0,277437	0,599217	0,415187	0,49456	0,513173	0,496435
0,6	0,478784	0,470913	0,521262	0,49262	0,51428	0,408892	0,413891	0,40559	0,400927	0,567865	0,514155	0,472965	0,439364	0,354279	0,551234	0,476651	0,440005	0,511278	0,289061	0,481127	0,567677	0,49456	0,513173	0,496435
0,6	0,450668	0,475723	0,515638	0,492338	0,45525	0,410145	0,421531	0,415226	0,703577	0,584268	0,506535	0,454184	0,406988	0,334712	0,464748	0,495591	0,445739	0,471827	0,313664	0,504786	0,504552	0,49456	0,513173	0,496435
0,68	0,472439	0,501563	0,458275	0,422011	0,440813	0,45224	0,465756	0,457042	0,569673	0,552899	0,526866	0,431969	0,489266	0,3913	0,467654	0,564717	0,393908	0,498481	0,27218	0,530434	0,559904	0,44964	0,457277	0,410606
0,68	0,490837	0,492063	0,515638	0,40695	0,411057	0,413988	0,429394	0,419724	0,650867	0,513507	0,479591	0,394986	0,439364	0,396485	0,407837	0,491599	0,412187	0,491433	0,241286	0,599564	0,505537	0,51413	0,457277	0,410606
0,68	0,585808	0,577649	0,616921	0,336419	0,25984	0,525204	0,533933	0,534572	0,652819	0,540112	0,513555	0,490306	0,594168	0,529569	0,388258	0,450936	0,44172	0,489338	0,318952	0,3428	0,513218	0,49456	0,513173	0,496435
0,68	0,449441	0,275343	0,331806	0,687712	0,599854	0,455446	0,455867	0,461782	0,619316	0,561509	0,517351	0,824024	0,60854	0,540312	0,338194	0,571801	0,605534	0,467593	0,350696	0	0,507491	0,49456	0,513173	0,496435
0,68	0,431234	0,475723	0,462784	0,470003	0,377996	0,411636	0,406737	0,410472	0,9	0,510099	0,490075	0,439167	0,405086	0,344733	0,312773	0,9	0,34185	0,490659	0,24432	0,501587	0,494364	0,51413	0,457277	0,410606
0,68	0,422757	0,406959	0,458275	0,432602	0,428944	0,516343	0,52868	0,516353	0,674298	0,466365	0,484565	0,55624	0,621327	0,621516	0,416221	0,448331	0,536541	0,510304	0,269026	0	0,505537	0,49456	0,513173	0,496435
0,68	0,524532	0,493459	0,548541	0,272498	0,142054	0,544016	0,553747	0,552163	0,450012	0,430456	0,450872	0,492028	0,590073	0,654425	0,425836	0,46001	0,508962	0,485229	0,283578	0,45328	0,453899	0,49456	0,513173	0,496435
0,68	0,453094	0,481887	0,413632	0,445921	0,497231	0,41437	0,443111	0,41718	0,554067	0,580194	0,514871	0,387847	0,418638	0,331254	0,473574	0,415419	0,426069	0,473412	0,277714	0,457563	0,504552	0,49456	0,513173	0,496435
0,68	0,416841	0,361115	0,443573	0,509895	0,42023	0,403706	0,420023	0,409846	0,376088	0,310975	0,332832	0,454615	0,388102	0,623882	0,428767	0,516691	0,639256	0,497238	0,303572	0,532438	0,33337	0,441175	0,422061	0,691593
0,68	0,484911	0,449755	0,398775	0,388599	0,376274	0,465341	0,469814	0,471976	0,376814	0,395727	0,413283	0,447578	0,514947	0,633196	0,435017	0,413992	0,499502	0,509737	0,294927	0,404711	0,439634	0,49456	0,513173	0,496435
0,68	0,468078	0,333239	0,331806	0,463038	0,501708	0,465341	0,468745	0,469392	0,493706	0,454921	0,460815	0,505348	0,554248	0,580012	0,392995	0,472292	0,531908	0,460576	0,301543	0,520803	0,423815	0,49456	0,513173	0,496435
0,68	0,48085	0,457186	0,43821	0,418082	0,322844	0,513232	0,497677	0,502843	0,182326	0,286456	0,375355	0,527864	0,540178	0,792354	0,457452	0,461143	0,494455	0,477454	0,328128	0,441646	0,326232	0,49456	0,513173	0,496435
0,68	0,469179	0,455367	0,390433	0,377838	0,205534	0,469016	0,470473	0,471553	0,162056	0,237153	0,313277	0,473502	0,444239	0,827055	0,459399	0,464891	0,472839	0,488854	0,31443	0,364901	0,301388	0,49456	0,513173	0,496435
0,68	0,493729	0,512934	0,313196	0,400392	0,396168	0,467913	0,480516	0,475359	0,465588	0,581057	0,527194	0,48546	0,554751	0,463354	0,490831	0,462996	0,425729	0,514754	0,300792	0	0,587384	0,49456	0,513173	0,496435
0,68	0,472439	0,480371	0,462784	0,47602	0,478013	0,539691	0,443384	0,446313	0,595018	0,558048	0,820947	0,847954	0,9	0,418498	0,365572	0,506914	0,393908	0,499489	0,31159	0,572515	0,562769	0,51413	0,457277	0,410606
0,68	0,477742	0,449755	0,331806	0,510483	0,616888	0,447136	0,454976	0,452693	0,424128	0,589131	0,541576	0,525326	0,570728	0,459399	0,416221	0,415898	0,441244	0,507865	0,337139	0,452784	0,581038	0,49456	0,513173	0,496435
0,68	0,494683	0,469271	0,381315	0,403058	0,35023	0,458482	0,462467	0,457446	0,396349	0,462609	0,604521	0,534683	0,554415	0,49486	0,440499	0,471254	0,430741	0,479818	0,224424	0,539175	0,455253	0,572656	0,530164	0,593696
0,68	0,489863	0,48487	0,390433	0,438691	0,449508	0,430903	0,446434	0,438208	0,350875	0,440222	0,4539	0,474418	0,512486	0,535753	0,451962	0,464979	0,438247	0,474367	0,297642	0,538763	0,449761	0,49456	0,513173	0,496435
0,68	0,496576	0,526863	0,471308	0,426661	0,427004	0,450437	0,466737	0,456907	0,871508	0,511876	0,523314	0,491685	0,538916	0,45131	0,351573	0,591275	0,420689	0,489036	0,301394	0,495224	0,505537	0,49456	0,513173	0,496435
0,68	0,509316	0,494842	0,331806	0,424988	0,456898	0,42553	0,431097	0,424599	0,525941	0,458795	0,468049	0,423674	0,47573	0,461384	0,410227	0,497375	0,425215	0,457728	0,251097	0,578927	0,441124	0,572656	0,530164	0,593696
0,68	0,483904	0,433481	0,331806	0,467184	0,508223	0,439731	0,462764	0,445987	0,446263	0,431207	0,446388	0,482223	0,508736	0,54629	0,375879	0,52282	0,435858	0,502958	0,286961	0,463934	0,461847	0,557227	0,35625	0,432002
0,68	0,461325	0,497568	0,512731	0,576435	0,523945	0,398798	0,384595	0,375928	0,221248	0,290423	0,377547	0,478923	0,384197	0,498347	0,43222	0,531753	0,40777	0,569415	0,272691	0,59615	0,489023	0,557227	0,35625	0,432002
0,68	0,541652	0,523499	0,448689	0,291702	0,179273	0,535803	0,536733	0,54446	0,437488	0,613656	0,564686	0,550815	0,663375	0,523259	0,408321	0,468261	0,428975	0,49018	0,34303	0,27352	0,588629	0,49456	0,513173	0,496435
0,68	0,570152	0,6052	0,68288	0,340869	0,252093	0,538446	0,450131	0,457042	0,448003	0,497176	0,725033	0,665209	0,769548	0,418498	0,431145	0,465081	0,413221	0,47389	0,370098	0,485019	0,513218	0,49456	0,513173	0,496435
0,68	0,437972	0,47729	0,509758	0,480827	0,507605	0,464629	0,462417	0,465532	0,448917	0,490179	0,499812	0,51305	0,531552	0,478624	0,433805	0,488353	0,413324	0,493319	0,321505	0,431217	0,497487	0,49456	0,513173	0,496435
0,68	0,432605	0,460751	0,406474	0,448699	0,437554	0,437303	0,441377	0,441218	0,438603	0,662117	0,573911	0,466944	0,485023	0,334712	0,56484	0,488076	0,44644	0,489278	0,317966	0,47469	0,59949	0,49456	0,513173	0,496435
0,68	0,543877	0,542663	0,546276	0,492984	0,57327	0,414243	0,42665	0,430705	0,437395	0,466851	0,408748	0,409296	0,419687	0,48955	0,427833	0,448845	0,432849	0,451494	0,273936	0,608524	0,413395	0,49456	0,513173	0,496435
0,68	0,472439	0,451652	0,521262	0,374844	0,365714	0,481911	0,458094	0,456156	0,239733	0,444869	0,553975	0,521654	0,574888	0,44717	0,460925	0,453825	0,469621	0,386044	0,313107	0,335535	0,436606	0,622882	0,592086	0,84495
0,68	0,472439	0,475723	0,448689	0,44037	0,462258	0,443408	0,445979	0,449935	0,554145	0,53388	0,511376	0,479292	0,525462	0,453355	0,397585	0,496603	0,411874	0,454652	0,340954	0,545881	0,484619	0,44964	0,457277	0,410606
0,68	0,520425	0,518895	0,506714	0,469668	0,527681	0,429107	0,430845	0,428633	0,461304	0,464576	0,479437	0,495489	0,525462	0,505197	0,425256	0,452517	0,433841	0,431197	0,305057	0,474877	0,422132	0,436812	0,535676	0,410606
0,68	0,511068	0,458981	0,561403	0,339328	0,246268	0,496202	0,474943	0,480062	0,365497	0,480242	0,54355	0,513111	0,577618	0,463354	0,392699	0,42386	0,657586	0,492084	0,335769	0,476034	0,498515	0,49456	0,513173	0,496435
0,68	0,491806	0,462499	0,390433	0,397591	0,290993	0,503184	0,505195	0,511163	0,532347	0,581272	0,548567	0,611776	0,63546	0,518439	0,381474	0,470066	0,412499	0,462612	0,403489	0,492977	0,547981	0,535149	0,48314	0,432002
0,68	0,468078	0,496211	0,51848	0,460673	0,536303	0,441292	0,452045	0,451591	0,606998	0,624557	0,563656	0,518792	0,540717	0,399035	0,414237	0,496527	0,430899	0,403686	0,373837	0,461653	0,470627	0,629103	0,655225	0,539577
0,68	0,456671	0,48487	0,432572	0,364759	0,297977	0,457968	0,46306	0,464765	0,358992	0,45543	0,45921	0,4242	0,481896	0,48414	0,514762	0,433254	0,439307	0,482329	0,3308	0,485777	0,448356	0,49456	0,513173	0,496435
0,68	0,468078	0,457186	0,398775	0,459964	0,469743	0,42279	0,446498	0,442621	0,423081	0,456613	0,412496	0,421766	0,428836	0,496609	0,411741	0,489978	0,425899	0,465421	0,320951	0,546878	0,389789	0,44964	0,457277	0,410606
0,68	0,416841	0,464224	0,453583	0,55805	0,604047	0,397931	0,423	0,410781	0,351421	0,34753	0,302794	0,362815	0,330745	0,590537	0,9	0,373922	0,423915	0,626833	0,284279	0,731987	0,387617	0,535149	0,48314	0,432002
0,68	0,502143	0,526863	0,599039	0,29113	0,138062	0,58939	0,594979	0,597437	0,265745	0,433447	0,456674	0,467023	0,503188	0,518439	0,431684	0,490072	0,430503	0,499545	0,47688	0,439737	0,476608	0,300007	0,305678	0,432002
0,68	0,445705	0,458981	0,413632	0,465591	0,50647	0,495283	0,497042	0,497111	0,372024	0,536014	0,518865	0,561283	0,580314	0,505197	0,563235	0,458573	0,440489	0,433712	0,493752	0,448551	0,465672	0,300007	0,305678	0,432002
0,68	0,421299	0,439828	0,43821	0,53455	0,634098	0,460932	0,471384	0,464288	0,339501	0,427234	0,436257	0,485673	0,473965	0,516816	0,572812	0,452552	0,452985	0,448839	0,46355	0,474952	0,398134	0,300007	0,305678	0,432002
0,68	0,512803	0,48487	0,432572	0,485738	0,500981	0,436804	0,471814	0,449629	0,29723	0,345273	0,363228	0,337544	0,329435	0,432137	0,362222	0,51701	0,377219	0,544994	0,383034	0,498771	0,407873	0,300007	0,305678	0,432002
0,68	0,448205	0,447829	0,381315	0,495141	0,436991	0,443777	0,481663	0,443822	0,414728	0,30959	0,352271	0,439357	0,372289	0,535753	0,425933	0,506931	0,414542	0,520928	0,419226	0,491248	0,373737	0,300007	0,305678	0,432002
0,68	0,433963	0,48487	0,497116	0,542803	0,632199	0,435707	0,457072	0,441836	0,629173	0,587975	0,529582	0,536028	0,537282	0,440835	0,53521	0,512255	0,412291	0,457806	0,251739	0,545707	0,525005	0,549165	0,557034	0,517988
0,68	0,40752	0,445875	0,448689	0,485804	0,554677	0,37412	0,42991	0,38858	0,573277	0,436034	0,308939	0,246685	0,241848	0,377793	0,527955	0,497838	0,436445	0,604362	0,214387	0,9	0,442599	0,441175	0,422061	0,691593
0,68	0,511068	0,520059	0,462784	0,440857	0,533805	0,383648	0,414457	0,40077	0,393745	0,598025	0,466532	0,32221	0,346078	0,316764	0,538608	0,469341	0,435563	0,483472	0,256021	0,843468	0,579743	0,557227	0,35625	0,432002
0,68	0,508434	0,50924	0,509758	0,434287	0,452605	0,433091	0,441377	0,438953	0,682361	0,547177	0,525986	0,443845	0,482622	0,385994	0,386175	0,490602	0,455042	0,476989	0,310923	0,544657	0,524127	0,49456	0,513173	0,496435
0,68	0,489863	0,487791	0,426626	0,47051	0,501604	0,427447	0,441024	0,433115	0,869301	0,433075	0,434957	0,424619	0,439364	0,471095	0,2864	0,622822	0,428322	0,516778	0,29163	0,573863	0,461847	0,49456	0,513173	0,496435
0,68	0,415327	0,429064	0,251239	0,425738	0,421383	0,46911	0,477849	0,47625	0,803616	0,730942	0,616554	0,525723	0,575802	0,37499	0,383863	0,589656	0,406077	0,491195	0,323391	0,397004	0,656957	0,49456	0,513173	0,496435
0,68	0,491806	0,504167	0,453583	0,494268	0,528688	0,414116	0,431181	0,41933	0,618592	0,54171	0,500867	0,434145	0,431774	0,360406	0,424965	0,514592	0,422231	0,459583	0,300792	0,51949	0,453899	0,49456	0,513173	0,496435
0,68	0,47982	0,475723	0,490282	0,442399	0,452384	0,455326	0,442837	0,437927	0,359314	0,587237	0,582019	0,51402	0,549491	0,385994	0,472366	0,436502	0,458347	0,515399	0,321044	0,544064	0,584237	0,49456	0,513173	0,496435
0,68	0,509316	0,53231	0,605236	0,434815	0,422419	0,429107	0,441377	0,434831	0,637291	0,546575	0,551388	0,473272	0,493186	0,372151	0,439285	0,496737	0,461614	0,469446	0,318462	0,501071	0,495412	0,49456	0,513173	0,496435
0,68	0,415327	0,431292	0,251239	0,529227	0,575952	0,415	0,429394	0,420244	0,633526	0,532363	0,495508	0,432069	0,40585	0,338109	0,365354	0,508255	0,421691	0,484542	0,30824	0,50455	0,506517	0,49456	0,513173	0,496435
0,68	0,386942	0,424486	0,331806	0,51331	0,605626	0,407752	0,398499	0,397488	0,463806	0,68658	0,607774	0,468371	0,454155	0,279152	0,448532	0,451696	0,413732	0,481241	0,285867	0,561881	0,645998	0,49456	0,513173	0,496435
0,68	0,508434	0,533377	0,47535	0,517447	0,545635	0,391999	0,405691	0,396482	0,560705	0,494429	0,445591	0,399548	0,371811	0,360406	0,45133	0,484516	0,411769	0,481882	0,288235	0,589357	0,442599	0,49456	0,513173	0,496435
0,68	0,431234	0,429064	0,381315	0,508082	0,580627	0,399311	0,414682	0,404033	0,640969	0,559091	0,457767	0,368128	0,361884	0,331254	0,356239	0,488097	0,440558	0,478969	0,294927	0,613975	0,487933	0,49456	0,513173	0,496435
0,68	0,419827	0,439828	0,251239	0,516248	0,547214	0,397931	0,413549	0,402608	0,572282	0,516471	0,462049	0,413536	0,389805	0,360406	0,457387	0,496277	0,423123	0,470291	0,282863	0,57668	0,457925	0,49456	0,513173	0,496435
0,68	0,461325	0,348135	0,359928	0,447859	0,370581	0,441446	0,451394	0,447599	0,679997	0,540235	0,517935	0,456496	0,433064	0,344733	0,509305	0,534327	0,453101	0,46395	0,322682	0,486256	0,507491	0,49456	0,513173	0,496435
0,68	0,429853	0,445875	0,346999	0,52304	0,496709	0,433624	0,445784	0,439505	0,688413	0,638291	0,565114	0,543282	0,49568	0,354279	0,454378	0,494329	0,432695	0,515201	0,321229	0,531186	0,636906	0,49456	0,513173	0,496435
0,68	0,488883	0,50924	0,453583	0,481611	0,422419	0,424806	0,431764	0,430383	0,388803	0,396386	0,425443	0,477509	0,434343	0,482313	0,50519	0,478033	0,41363	0,502359	0,325365	0,51166	0,441124	0,49456	0,513173	0,496435
0,68	0,445705	0,501563	0,443573	0,553417	0,581483	0,39278	0,409638	0,403147	0,33771	0,423967	0,396093	0,469787	0,372289	0,440835	0,547314	0,53764	0,375383	0,509737	0,29813	0,547932	0,418703	0,44964	0,457277	0,410606
