0,8	0,67	0,44	60,87	31,65	9,79	16,19	13,28	39,69	24,3	10,51	15,58	8,21	0,78	115,62	17,15	24,49	18,85	2,02	75,63	2,93	4,7	3,9	4,8
0,99	0,76	0,32	47,34	24,9	10,53	10,56	8,66	19,1	19,1	13,2	14,98	7,75	0,59	43,04	75,31	7,29	15,22	2,34	13,63	1,74	4,7	3,9	4,8
1,09	0,48	0,39	25,56	11,33	23,65	28,99	21,49	12,35	2,52	1,68	12,19	5,84	3,47	11,95	31,12	97,03	25,92	2,42	22,7	0,47	4,7	3,9	4,8
2,13	1,11	0,28	52,66	26,42	6,64	9,29	6,14	18,52	8,45	4,98	11,97	5,83	1,17	6,28	46,97	8,14	15,33	1,76	49,47	0,71	4,7	3,9	4,8
2,87	1,4	0,39	40,65	24,68	11,5	14,02	11,36	42,66	15,58	9,02	15,71	9,56	1,06	9,89	11,52	9,28	13,73	2,09	18,53	1,18	4,7	3,9	4,8
1,49	0,76	0,16	14,18	5,95	65,85	73,77	64,69	29,97	19,05	13,25	42,1	16,65	1,26	3,99	41,16	5,18	16,29	3,5	18,29	2,16	4,7	3,9	4,8
1,37	0,89	0,36	53,2	20,39	33,51	14,77	12,91	41,91	16,36	29,73	81,28	32,06	1,08	5,26	62,89	5,54	13,87	9,37	32,44	1,6	4,7	3,9	4,8
1,41	0,84	0,2	44,55	20,64	17,2	18,87	16,55	32,75	14,3	11,73	26,04	12,03	1,03	6,35	45,77	6,07	14,04	3,8	22,3	1,36	4,7	3,9	4,8
1,51	1,01	0,36	52,98	25,91	11,09	13,77	11,02	36,28	13,57	9,15	17,04	8,42	0,92	6,62	32,96	6,71	15,69	3,28	23,73	1,41	4,7	3,9	4,8
1,76	0,99	0,09	27,28	15,23	14,9	18,14	14,6	22,81	11,37	7,74	18,54	9,99	1,29	6,76	34,05	6,44	15,47	4,753	14,61	1,19	4,7	3,9	4,8
1,3	0,78	0,18	66,07	25,44	8,34	11,2	8,01	28,01	9,03	7,63	21,43	8	1,05	6,76	42,33	6,3	13,2	6,75	26,17	0,98	4,7	3,9	4,8
1,45	0,95	0,18	43,05	19,19	14,63	18,31	15,43	35,93	15,59	9,46	25,24	11,14	1,18	6,5	60,63	5,66	19,51	2,69	39,19	1,89	4,7	3,9	4,8
0,63	0,44	0,25	304,2	56,43	21,2	23,79	18,23	27,17	10,3	7,68	24,87	4,97	0,65	8,04	30,37	7,78	17,01	4,05	22,42	1,37	4,7	3,9	4,8
1,34	0,63	0,32	23,72	10,85	24,17	26,99	23,76	17,3	11,43	7,61	19,19	8,61	1,13	3,94	33,89	10,45	16,61	5,12	22,55	1,31	4,7	3,9	4,8
1,15	0,69	0,15	83,03	22,65	7,95	9,54	7,79	23,96	10,77	7,07	25,81	7,55	1,07	7,06	51,37	5,7	15,44	3,2	31,38	1,25	4,7	3,9	4,8
1,15	0,76	0,05	320,04	50,65	18,45	23,33	17,09	24,91	10,95	7,88	44,99	6,58	0,84	4,98	46,44	2,89	14,66	5,55	24,77	1,11	4,7	3,9	4,8
1,26	0,67	0,17	41,08	16,76	9,69	12,06	10,34	27,1	12,87	7,71	21,86	8,31	1,08	5,41	41,13	6,63	15,59	4,38	26,68	1,21	4,7	3,9	4,8
1,72	0,6	0,07	39,7	13,86	9,01	11,27	9,27	33,72	16,55	10,56	33,29	12,05	1,14	2,6	36,33	6,21	14,22	7,65	51,56	1,4	6	3,4	4,2
1,05	0,56	0,13	51,71	25,2	6,7	19,32	11,4	28,63	11,74	4,14	7,47	3,27	0,79	4,94	54,79	5,92	22,15	59,35	33,7	0,92	1	1,2	4,2
1,48	0,73	0,12	23,63	10,3	20,29	24,46	19,93	29,07	14,84	9,31	25,1	10,57	1,14	3,33	82,35	4,48	15,72	209,87	20,52	1,43	1	1,2	4,2
1,52	0,96	0,18	36,83	18,93	14,78	25,94	15,12	17,26	5,86	3,46	9,46	4,06	1,18	7,21	55,8	4,53	11,37	112,74	14,69	0,39	1	1,2	4,2
1,36	0,91	0,18	252,22	54,05	5,98	5,64	3,57	25,46	6,92	6,51	16,11	2,99	0,46	3,62	164,29	1,83	7,92	192,51	19,88	0,52	1	1,2	4,2
1,37	0,83	0,23	50,48	15,8	25,66	42,25	27,77	26,98	6,6	3,9	15,11	4,55	1,17	5,66	92,53	4,49	15,2	73,6	17,66	0,59	1	1,2	4,2
0,57	0,38	0,09	114,17	37,92	5,38	9,15	5,31	91,4	23,88	13,74	26,11	8,78	0,64	7,32	133,64	8,8	18,06	0,263	106,95	2,48	7,4	4,2	5,7
0,76	0,61	0,14	37,6	16,67	4,37	13,27	6,9	59,83	16,67	5,91	11,14	2,94	0,5	23,16	139,1	8,26	15,32	1,91	87,83	1,14	4,7	3,9	4,8
0,67	0,48	0,02	100,96	31,65	3,01	4,35	3,01	76,7	21,58	9,3	9,57	2,95	0,32	44,72	137,9	7	22,82	1,62	58,78	1,95	4,7	3,9	4,8
1,03	0,31	0,02	116,17	36,18	3,29	4,92	3,29	30,63	11,02	6,1	11,85	3,76	0,62	8,45	42,52	13,26	17,16	1,41	70,47	1,1	4,7	3,9	4,8
0,99	0,49	0,11	141,53	36,99	2,83	3,86	2,83	60,53	5,21	2,46	11,98	3,1	1,26	4,89	48,03	11,86	14,46	2,32	63,3	0,42	4,7	3,9	4,8
2,83	2,51	1,68	100	43,19	3,47	4,61	3	42,41	27,1	17,51	15,96	5,42	0,34	13,97	93,69	6,53	15,78	3,08	40,55	2,34	6,8	1,7	4,2
2,59	2,29	1,5	93,41	41,57	2,3	4,82	3,17	39,4	25,17	8,64	16,69	3,2	0,37	14,65	91,87	6,56	12,96	4,31	20,41	1,03	6,8	1,7	4,2
0,66	0,31	0,05	127,6	34,14	3	4,94	3	46,33	14,98	8,6	12,7	3,46	0,4	9,98	50	11	18,48	3,3	49,85	1,68	4,7	3,9	4,8
0,84	0,46	0,04	123,23	36,24	3,75	5,43	3,75	58,5	21,66	11,61	14,6	3,91	0,35	4,62	64,61	7,02	16,01	2,29	69,43	1,76	4,7	3,9	4,8
1,06	0,48	0,22	59,55	16,99	8,39	7,6	5,89	23,75	11,93	9,21	61,33	13,12	1,43	48,77	27,99	11,29	8,31	0,41	36,88	0,66	5,3	3	4
1,4	1,07	0,08	45,35	25,8	7,03	7,73	6,63	44,03	23,16	14,19	12,13	6,57	0,46	38,22	20,73	7,52	6,54	4,53	33,93	0,93	4,7	3,9	4,8
2,06	1,31	0,22	223,95	44,59	11,29	10,62	8,26	37,4	10,67	8,1	43,55	13,72	1,69	5,66	37,59	7,14	12,2	2,92	18,74	0,9	4,7	3,9	4,8
0,27	0,19	0,13	44,34	25,9	6,9	9,31	6,63	41,47	20,91	18,48	12,62	7,44	0,4	25,68	23,69	36,41	13,18	3,04	45,14	2,23	4,7	3,9	4,8
0,76	0,16	0,15	55,68	21,3	7,99	10,24	8,01	25,25	4,99	3,04	27,82	9,32	3,07	12,59	34,73	471,09	22,56	1,088	69,06	0,76	7,4	4,2	5,7
0,17	0,07	0,01	88,9	35,77	5,71	6,77	5,28	30,53	9,11	5,95	16,24	6,35	1,07	28,34	49,18	57,86	21,74	26541	4,71	1,29	7,2	4,2	3,2
1,31	0,63	0,05	45,04	20,53	9,8	9,96	6,38	19,69	9,88	8,45	13,17	6	0,71	67,5	39,42	9,26	17,39	3,34	44,44	1,12	4,7	3,9	4,8
0,46	0,17	0,01	97,25	40,92	14,48	19,23	13,6	28,57	19,71	13,55	15,63	7,29	0,54	7,92	27,4	9,15	18,57	4,65	38,56	2,2	4,7	3,9	4,8
1,54	1,08	0,14	69,01	27,67	6,31	9,39	5,63	27,19	12,41	8,12	22,08	8,28	1,02	9,01	40,04	4,68	19,31	3,56	24,01	1,34	4,7	3,9	4,8
0,97	0,42	0,01	54,06	19,88	13,75	16,01	13,73	44,95	12,28	7,69	40,76	12,5	1,63	5,15	62,08	9,22	12,14	4,84	26,04	0,87	4,7	3,9	4,8
0,99	0,5	0,14	47,37	10,4	8,47	8,87	4,65	22,24	3,79	4,81	19,18	3,62	0,75	4,93	95,21	3,44	8,73	4,56	33,54	0,63	3,5	3	4
1,29	1,13	0,53	40,2	25,92	8,23	12	7,79	30,54	20,77	18,76	13,1	8,53	0,45	30,72	110,29	6,56	14,6	0,653	39,02	2,74	20	3	7
3,26	2,46	0,13	269,72	47,4	15,98	20,18	16,32	23,53	10,74	6,93	29,85	4,89	0,71	4,22	29,43	1,41	15,39	3,67	23,17	1,09	4,7	3,9	4,8
1,09	0,61	0,18	37,99	12,17	20,62	22,7	18,18	23,03	11,02	7,84	27,31	7,74	0,99	3,78	51,04	4,63	11,35	8,24	38,2	0,93	3,3	2,5	6,6
1,42	0,93	0,6	14,29	5,61	28,03	31,46	25,34	4,81	3,65	3,2	26,63	10	3,13	16,73	20,48	18,04	36,58	6,11	13,26	0,9	4,7	3,9	4,8
0,92	0,48	0,33	19,91	14,36	30,39	6,38	5,68	46,74	27,1	121,84	21,01	15,51	0,13	3,48	29,39	12,84	5,17	17,26	18,66	6,3	9,6	5,4	8
1,6	1,03	0,56	23,15	8,63	16,43	16,17	14,07	30,73	13,79	12,87	44,21	13,38	1,04	4,66	63,88	4,95	20,47	1,66	0	2,4	9,9	6,8	5,2
1,06	0,58	0,11	84,94	35,27	7,58	9,03	7,72	41,13	16,07	10,01	23,12	9,16	0,92	4,69	42,25	6,32	11,4	9,18	39,22	1,13	6	3,4	4,2
2,19	1	0,23	44,19	17,51	7,98	9,41	7,61	26,28	12,82	7,85	25,14	9,93	1,27	4,02	38,43	6,25	8,42	10,09	49,55	0,84	6	3,4	4,2
1,79	0,87	0,18	154,84	40,01	11,85	14,31	12,47	37,03	19,16	11,74	31,56	13,29	1,13	3,76	40,11	5,49	16,55	6,09	49,58	1,92	6	3,4	4,2
1,03	0,32	0,11	142,5	38,66	18,18	24,28	15,98	26,84	13,11	10,12	33,59	9,53	0,94	5,79	37,92	10,47	10,49	10,69	46,8	1,08	6	3,4	4,2
1,41	0,93	0,22	214,52	43,73	7,68	6,76	5,33	34,81	9,32	7,64	24	4,15	0,54	3,51	255,93	1,92	8,74	138,27	13,03	0,67	1	1,2	4,2
0,4	0,08	0,08	35,56	21,37	5,41	7,73	3,56	38,3	20,21	18,77	9,18	5,62	0,3	62,1	43,74	11,72	13,09	0,126	59,89	2,46	5,3	3	4
1,07	0,71	0,26	34,3	20,11	12,26	15,53	9,45	43,75	19,16	18,34	14,95	8,5	0,46	50,07	62,7	7,73	13,15	3,94	45,73	2,43	6	3,4	4,2
0,68	0,37	0,02	146,07	41,96	2,58	4,41	2,58	55,21	11,42	6,27	11,89	3,41	0,54	3,15	97,1	6,49	15,98	1,89	67,37	0,93	4,7	3,9	4,8
1,1	0,61	0,01	131,97	35,96	3,91	5,06	3,91	45,11	19,61	8,46	12,91	3,4	0,4	2,39	203,19	2,72	13,69	2,74	58,29	1,07	4,7	3,9	4,8
0,76	0,47	0,08	126,32	36,78	3,07	4,77	3,07	38,2	13,7	7,08	11,24	3,2	0,46	6,79	55,32	6,81	13,67	2,74	64,38	0,98	4,7	3,9	4,8
1,15	0,59	0,01	84,84	24,82	2,23	3,42	2,23	15,27	3,57	2,47	10,54	2,78	1,14	15,58	47,88	6,66	15,52	3,51	99,44	0,34	4,7	3,9	4,8
0,93	0,73	0,05	176,34	52,49	2,48	2,86	1,88	19,41	9,64	5,93	14,53	3,66	0,62	12,17	76,07	5,38	24,36	1,97	64,6	1,25	6,8	1,7	4,2
0,86	0,5	0,2	55,03	23,67	3,65	6,4	3,65	64,6	19,64	11,79	6,34	2,53	0,21	1,9	156,64	6,32	14,19	1,19	71,55	1,74	4,7	3,9	4,8
0,67	0,34	0,05	99,46	32,75	3,57	4,86	3,57	44,93	14,08	7,16	10,88	3,38	0,48	16,59	58,92	12,7	12,4	3,49	67,03	0,84	4,7	3,9	4,8
0,86	0,34	0,04	169,94	42,1	1,67	2,99	1,67	57,15	12,33	16,3	22,75	5,74	0,35	6,26	106,21	6,14	16,11	3,9	35,13	1,82	4,7	3,9	4,8
1,2	1,16	0,15	13,37	8,27	19,71	24,6	13,23	11,5	2,83	2,96	8,89	4,92	1,66	807,05	74,46	5,59	13,4	14586	10,28	0,4	7,2	4,2	3,2
1,52	1,16	0,01	188,49	57,49	2,56	3,76	2,1	5,9	4,44	2,56	9,92	2,94	1,15	12,73	22,2	4,26	15,04	5065	21,9	0,38	7,2	4,2	3,2
0,98	0,84	0,37	14,11	8,16	21,01	29,77	19,84	54,96	11,41	6,9	8,69	5,05	0,73	87,24	103,64	9,25	20,88	30,31	34,15	1,39	4,7	3,9	4,8
1,41	0,37	0,04	7,91	4,55	532,52	637,77	525,12	28,35	5,86	3,8	19,24	11,2	2,95	6	36,13	25,01	16,89	2,04	15,98	0,63	4,7	3,9	4,8
1,6	0,89	0,21	111,65	38,35	6,61	8,4	6,39	33,89	8,32	4,5	18,42	6,96	1,55	6,43	57,04	8,89	15,66	3,37	15,94	0,68	4,7	3,9	4,8
1,88	0,98	0,18	21,81	12,67	17,15	20,43	17,01	29,04	11,82	8,22	19,86	11,52	1,4	5,44	32,54	7,38	12,63	3,54	37,3	1,06	4,7	3,9	4,8
1,4	0,77	0,08	41,01	21,33	17,84	18,18	15,74	45,72	15,66	12,42	17,42	9,03	0,73	5,48	60,69	6,06	19,16	4,4	2,82	2,06	4,7	3,9	4,8
1,14	0,86	0,51	0,94	0,25	76,47	118,37	100,61	28,16	11,74	5,79	62,82	12,28	2,12	12,44	21,66	9,92	16,43	2,06	17,01	0,98	4,7	3,9	4,8
0,86	0,49	0,3	91,26	13,93	20,62	23,25	18,5	19,56	8,72	6,14	59,29	7,36	1,2	6,05	109,37	11,33	14,51	5,38	27,82	0,93	4,7	3,9	4,8
1,45	0,96	0,26	154,68	38,75	5,86	4,34	3,34	17,22	6,53	7,15	19,1	4,2	0,59	6,62	153,96	2,28	13,6	227,2	24,63	0,8	1	1,2	4,2
0,86	0,67	0,1	75,01	24,65	3,62	5,58	3,62	64,39	16,91	8,49	8,12	2,64	0,31	28,24	97,31	9,45	26,87	1,5	77,31	2,05	4,7	3,9	4,8
0,91	0,36	0,03	178,79	39,26	3,07	5,29	3,07	45,84	15,77	6,85	13,48	2,85	0,42	14,41	63,49	8,53	15,52	2,07	63,89	1,13	4,7	3,9	4,8
0,93	0,48	0,02	87,78	25,14	4,34	3,88	3,03	13,65	8,92	7	35,03	9,55	1,37	54,18	49,06	9,09	11,74	0,965	57,06	0,96	5,3	3	4
0,81	0,16	0,1	67,13	27,32	9,59	12,57	9,76	24,36	5,81	3,36	20,18	8,08	2,4	8,32	37,29	116,66	17,3	3,13	27,83	0,59	4,7	3,9	4,8
2,08	1,26	0,28	24,59	14,81	26,89	30,84	25,7	35,34	16,23	11,56	20,36	12,72	1,1	6,73	26,89	6	15,16	3,39	29,22	1,71	4,7	3,9	4,8
1,83	1,09	0,46	40,76	19,92	26,68	27,3	22,74	47,94	21,85	16,74	37,74	17,81	1,06	4,67	40,85	7,57	14,96	5,7	33,69	2,17	4,7	3,9	4,8
0,8	0,59	0,07	91,77	20,4	5,18	10,04	5,18	39,98	6,19	4,26	14,88	3,24	0,76	11,21	96,65	5,18	15,15	2,99	62,2	0,54	4,7	3,9	4,8
1,37	0,83	0,06	54,32	18,71	16,44	19,72	16,27	19,28	4,88	2,86	31,63	10,82	3,79	17,03	24,83	13,76	17,51	1,62	45,71	0,5	4,7	3,9	4,8
1,09	0,46	0,16	52,31	16,93	6,54	9,37	5,25	28,82	6,5	5,25	14,05	4,25	0,81	4,01	59,38	5,47	19,84	4,24	39,79	0,94	3,3	2,5	6,6
2,86	2,03	1,06	1,3	1	420,18	726,94	399,89	26,64	10,06	8,25	9,66	7,43	0,9	7,12	45,61	5,17	12,11	551,72	23,46	1	1	1,2	4,2
0,71	0,38	0,02	85,53	32,91	6,41	8,87	6,41	48,82	15,56	9,08	12,16	4,66	0,51	5,45	69,73	7,61	14,89	2,27	62,15	1,34	4,7	3,9	4,8
0,71	0,39	0,02	110,99	32,77	4,1	5,9	4,1	38,14	14,99	7,21	12,48	3,75	0,52	8,09	66,43	6,64	17,51	2,78	51,83	1,19	4,7	3,9	4,8
1,03	0,33	0,01	81,45	26,98	4,6	6,49	4,6	66,9	8,5	4,13	11,34	3,7	0,91	2,79	88,7	14,62	13,6	2,19	62,29	0,68	4,7	3,9	4,8
2,18	0,89	0,16	5,32	3,61	156,89	183,51	153,33	40,57	10,45	6,55	19,65	13,68	2,09	4,3	29,36	10,98	17	5,1	26,92	1,1	4,7	3,9	4,8
0,39	0,34	0,25	416,08	64,64	14,11	17,98	12,82	41,48	15,05	13,09	19,56	2,98	0,23	8,66	75,06	8,11	13,63	2,18	52,13	1,78	4,7	3,9	4,8
1,53	0,91	0,16	162,47	38,09	1,76	2,14	1,62	32,14	17,75	4,93	8,15	1,41	0,29	8,91	20,88	11,1	18,1	0,44	0	0,8	4,7	3,9	4,8
1,71	0,66	0,31	97,61	38,27	2,39	3	2,49	66,92	12,33	4,62	8,65	3,37	0,73	0,58	33,3	4,54	7,46	1,03	0	0,33	4,7	3,9	4,8
0,47	0,21	0,13	280,43	59,13	1,36	2,34	1,47	77,82	9,5	1,55	4,46	1,22	0,79	6,86	109,06	46,09	10,91	0,96	14,65	0,23	4,7	3,9	4,8
2,6	1,98	1,59	129,22	53,35	1,38	3,11	1,54	28,39	15,67	2	2,05	0,85	0,42	39,79	34,41	13,43	18,28	0,14	0	1,99	4,7	3,9	4,8
3,11	2,23	1,51	129,45	39,63	4,25	1,98	1,97	23,17	8,11	7,55	30,28	7,69	1,02	4,4	55,89	6,26	16,89	1,83	0	0,69	4,7	3,9	4,8
1,76	1,14	0,08	85,29	31,47	1,77	3,18	1,66	13,17	5,62	1,37	3,95	1,22	0,89	12,16	53,69	5,03	60,78	0,14	0	0,54	4,7	3,9	4,8
1,27	1,08	0,29	83,46	19,97	2,35	2,25	1,58	16,25	2,86	1,48	8,77	2,07	1,4	22,77	95,12	3,63	17,31	1,39	30,1	0,31	3,3	2,5	6,6
0,66	0,5	0,35	35,49	18,65	23,62	75,08	51,1	63,23	46,79	8,19	1,74	0,91	0,11	59,74	65	5,68	33,39	0,545	0	4,13	6,2	5	8,5
1,66	0,75	0,33	132,26	45,31	2,53	2,33	1,46	35,13	18,11	8,51	7,8	2,54	0,3	10,24	41,96	9,09	317	0,35	0	2,35	4,7	3,9	4,8
1,74	1,2	0,52	66	31,25	2,44	3,65	2,43	14,69	7,58	3,26	8,67	3,65	1,12	34,1	25,77	10,54	46,69	1,07	0	0,76	4,7	3,9	4,8
1,67	1,02	0,86	12,98	9,51	5,08	19,23	0,86	0,29	0,4	1,06	0,96	0,64	0,6	17,83	14,46	23,26	172,53	0,024	107,05	1,84	30	14	6,6
1,93	0,96	0,15	181,35	44,61	1,49	2,14	1,65	31,25	8,97	1,75	7,68	1,71	0,97	3,59	35,09	6,06	15,72	0,65	0	0,43	4,7	3,9	4,8
1,62	0,97	0,57	80,41	28,89	2,97	3,46	1,93	22,51	3,11	3,02	19,63	6,46	2,14	12,13	7,42	15,24	9,23	0,5	0	0,17	4,7	3,9	4,8
1,64	0,83	0,16	166,59	40,47	1,93	3,77	2	51,06	9,82	3,27	13	2,95	0,9	3,17	42,56	4,44	23,55	0,42	0	2,52	4,7	3,9	4,8
2,64	0,29	0,12	36,83	19,29	3,11	7,95	4,36	50,01	3,65	0,46	1,64	0,87	1,96	2,67	32,32	62,12	16,2	0,3	0	0,38	4,7	3,9	4,8
1,31	1,18	0,23	596	59,83	2,05	2,83	2,1	23,55	7,95	2,59	29,94	3,88	1,5	49,38	63,5	5,25	11,16	1,21	0	0,31	4,7	3,9	4,8
2,27	0,77	0,56	128,08	38,19	2,07	4,47	1,96	32,64	3,01	1,41	6,09	2,22	1,58	4,91	32,68	70,51	9,07	0,66	0	0,23	4,7	3,9	4,8
1,69	0,7	0	98,91	32,81	3,44	4,95	3,31	8,77	1,72	0,86	12,71	4,07	4,76	16,92	17,44	23,57	14,85	2,88	25,03	0,11	4,7	3,9	4,8
1,11	0,49	0,23	341,48	59,54	1,59	2,9	1,6	11,73	1,7	0,39	7,74	1,48	3,82	39,39	9,86	90,63	11,26	1,17	0	0,03	4,7	3,9	4,8
1,93	0,9	0,16	164,92	39,11	2,41	4,09	2,52	17,37	9,38	4,89	24,39	4,43	0,9	10,25	31,45	8,04	11,77	2,89	0	0,5	4,7	3,9	4,8
1,54	0,68	0,05	106,76	36,69	1,49	2,2	1,37	17,82	8,27	3,35	16,07	3,3	0,98	8,18	48,72	7,85	29,16	0,87	0	0,71	6,8	1,7	4,2
1,95	0,95	0,01	461,6	59,44	3,89	4,62	3,45	19,26	7,24	3,82	60,13	9,04	2,36	8,68	26,99	9,66	10,68	4	0	0,22	4,7	3,9	4,8
1,54	1,18	0,52	31,04	15,26	7,63	14,22	8,91	37,55	5,69	3,19	11,16	5,29	1,66	19,54	27,16	5,91	22,92	0,96	22,26	0,5	4,7	3,9	4,8
12,81	11,53	0,18	1684,27	69,82	2,18	0,81	0,46	24,85	6,38	11,18	192,07	4,11	0,37	7,27	32,74	0,53	54,24	2,15	9,11	4,45	4,7	3,9	4,8
0,59	0,27	0,05	89,16	35,63	2,41	3,34	2,31	24,87	20,79	8,82	8,13	2,8	0,36	16,09	42,76	6,03	26,75	1,77	0	2,04	4,7	3,9	4,8
1,02	0,69	0,51	92,99	40,19	2,64	3,62	2,07	44,96	16,15	9,96	11,77	3,83	0,38	4,95	46,02	7,73	8	1,27	2,31	0,68	11	8,3	7,3
1,19	0,61	0,09	442,36	71,14	1,47	2,56	1,56	34,53	6,91	1,75	13,85	2,28	1,31	9,72	27,46	16,98	34,43	0,55	360,67	0,66	4,7	3,9	4,8
7,26	6,12	5,78	58,29	32,74	1,1	1,66	1,1	54,83	13,42	98,81	40,91	19,05	0,19	1,42	150,75	5,96	13,17	7,92	0	5,14	4,7	3,9	4,8
1,56	0,71	0,5	145,38	43,38	2,39	3,04	2,2	43,6	25,76	9,78	11,32	2,74	0,31	7,75	38,34	14,03	19,98	2,21	0	1,6	4,7	3,9	4,8
1,83	1,07	0,14	162,97	51,31	2,55	4,55	1,81	41,55	10,11	6,25	10,99	3,39	0,54	8,05	35,28	5,49	30,83	0,71	0	2,64	4,7	3,9	4,8
1,01	0,71	0,65	327,15	68,24	3,02	4,73	3,09	46,56	16,52	6,43	14,82	3,51	0,55	78,72	29,18	139,99	13,29	1,22	33,69	0,85	4,7	3,9	4,8
0,89	0,5	0,44	163,6	50,51	3,61	2,99	2,06	51,81	18,34	15,17	24,29	7,22	0,48	86,29	42,43	80,08	9,56	3,46	42,34	0,69	4,7	3,9	4,8
1,52	1,04	0,3	174,91	35,65	2,75	5,06	2,83	20,6	11,29	4,34	10,98	2,25	0,61	25,1	53,61	9,96	21,21	3,72	0	0,56	4,7	3,9	4,8
2,18	0,74	0,06	27,01	16,24	3,92	5,8	3,75	53,87	5,63	2,79	5,59	3,1	1,11	2,35	50,74	7,95	6,6	1,43	0	0,49	4,7	3,9	4,8
0,99	0,66	0,4	124,44	20,79	3,68	3,42	2,24	20,5	14,41	10,84	16,05	2,65	0,24	47,98	68,89	20,68	20,25	0,87	15,23	1,29	4,7	3,9	4,8
2,1	0,58	0,2	29,43	15	6,49	9,07	6,25	39,98	4,05	2,56	11,17	5,5	2,15	3,31	45,6	18,95	11,28	1,4	20,38	0,29	4,7	3,9	4,8
1,81	0,64	0,59	124,63	42,61	2,49	4,21	2,53	35,32	4,62	1,83	12,62	3,47	1,4	3,38	21,02	138,41	9,72	5,996	14,06	0,18	3,3	2,5	6,6
2,7	2,48	2,18	182,14	56,33	2,74	3,76	2,59	39,53	18,18	9,61	14,37	4,71	0,49	23,61	33,32	16,83	34,48	2,43	0	3,84	4,7	3,9	4,8
2,76	0,34	0,24	132,97	47,94	2,23	10,25	3,39	73,28	11,04	2,62	8,07	2,84	1,08	0,78	60,68	76,17	11,08	1,11	0	0,49	4,7	3,9	4,8
2,09	1,02	0,68	53,19	20,58	10,45	12,82	9,91	47,65	9,05	5,57	33,27	11,67	2,09	3,05	42,89	16,88	8,34	1,76	13,85	0,44	4,7	3,9	4,8
1,31	0,19	0,1	57,14	26,01	8,49	10,16	6,52	30,75	7,52	5,54	26,03	12,26	2,21	6,55	20,09	108,82	15,34	1,99	6,11	0,62	4,7	3,9	4,8
3,77	2,53	0,42	85,79	37,19	2,14	3,22	2,53	24,74	6,67	1,83	3,53	1,52	0,83	9,91	24,71	4,29	17,47	0,96	9,42	0,45	4,7	3,9	4,8
1,18	0,29	0,03	223,36	61,02	2,44	2,97	2,68	15,59	3,09	1,06	9,87	2,94	2,77	6,24	7,72	23,55	7,96	2,92	19,18	0,1	4,7	3,9	4,8
1,42	0,72	0,68	30,85	15,21	8,17	10,28	8,15	25,57	7,07	4,06	17,8	8,09	1,99	7,15	52,6	157,14	25	1,82	0	1,04	4,7	3,9	4,8
0,68	0,48	0,24	184,39	49,17	3,64	2,3	1,54	46,19	18,54	20,6	31,98	7,06	0,34	33,85	31,37	19,84	22,69	5,52	0	1,78	4,7	3,9	4,8
1,83	1,29	0,95	117,69	26,88	1,74	1,45	0,94	28,12	2,67	1,58	8,77	2,2	1,39	42,4	23,9	9,48	69,17	0,856	51,61	0,58	6,2	5	8,5
0,96	0,43	0,18	75,96	28,59	7,46	9,85	7,46	15,48	2,96	1,62	18,6	7,26	4,47	29,01	25,19	68,68	14,88	0,97	9,93	0,2	6,8	1,7	4,2
1,39	1,03	0,84	107,1	19,77	9,57	11,7	8,51	22,6	4,42	3,21	58,48	8,78	2,74	11,06	71,28	26,88	67,18	1,15	0	2,1	4,7	3,9	4,8
0,92	0,77	0,32	53,78	22,54	9,38	14,24	8,69	48,34	14,41	8,41	22,35	9,61	1,14	52,27	119,19	11,98	22,05	1,21	0	1,8	4,7	3,9	4,8
1,34	0,25	0,17	21,54	10,99	5,65	9,08	5,41	27,74	3,05	1,63	7,07	2,88	1,77	3,69	33,71	63,58	16,59	5,71	0	0,25	4,7	3,9	4,8
1,18	0,69	0,06	84,73	37,71	3,91	5,21	4,36	93,2	34,09	13,88	9,82	4,58	0,33	0,76	310,37	8,82	17,53	1,24	0	2,64	4,7	3,9	4,8
1,46	1,13	1,13	369,42	76,95	2,29	2,18	2,02	67,95	66	42,05	27,61	6,09	0,14	427,41	0,9	1536,77	13,33	2,31	95,01	5,07	4,7	3,9	4,8
1,53	1,07	0,51	76,11	29,57	4,08	4,79	2,94	32	8,41	5,83	10,36	3,55	0,61	12,51	168,38	3,65	18,68	1,18	0	0,97	4,7	3,9	4,8
1,8	1,49	0,57	63,57	16,75	6,03	9,28	6,67	29,83	10,11	4,67	23,61	6,11	1,31	18,14	44,64	5,22	23	2,22	0	1,35	4,7	3,9	4,8
1,74	1,4	0,95	58,98	30,85	4,37	4,89	4,21	45,23	18,68	9,2	11,98	5,67	0,62	7,78	57,36	6,81	27,28	2,14	0	2,55	4,7	3,9	4,8
2,52	1,03	0,32	66,33	30,71	6,17	7,12	5,19	18,07	8,17	5,53	12,79	5,73	1,04	3,55	43,56	6,67	11,31	1,61	0	0,54	4,7	3,9	4,8
3,77	3,2	2,36	80,28	37,65	3,22	3,97	2,06	29,01	17,75	18,71	10,5	5,04	0,27	98,99	44,59	7,14	11,26	6,19	18,17	1,96	4,7	3,9	4,8
1,78	0,9	0,12	73,88	29,79	5,38	8,16	6,3	24,17	11,51	5,23	16,81	5,91	1,13	5,38	47,82	6,46	27,79	0,65	0	1,8	4,7	3,9	4,8
2,36	1,32	0,47	42,3	23,21	4,25	4,71	3,13	30,83	8,73	7,29	10,09	5,52	0,76	3,95	29,35	5,58	19,47	3,57	0	1,11	4,7	3,9	4,8
3,28	1,51	0,26	86,06	38,13	1,66	3,52	2,5	17,49	6,2	1,01	2,37	1,09	1,08	4,63	28,22	7,79	14,34	0,44	19,21	0,35	4,7	3,9	4,8
1,55	1,02	0,3	185,24	38,13	2,77	3,59	2,86	22,99	7,65	3,5	17,27	3,27	0,93	5,47	74,57	4,73	10,51	0,079	54,77	0,38	5,3	3	4
2,26	1,55	0,79	24,33	12,96	48,5	57,43	49,42	27,18	13,22	8,06	20,16	10,28	1,28	6,16	41,09	6,81	19,49	2,26	1,78	1,57	4,7	3,9	4,8
2,9	1,33	0,46	56,46	23,89	5,64	7,46	6,25	34,74	18,52	9,53	24,28	9,46	0,99	2,55	48,72	5,87	20,87	2,06	0	2,11	3,3	2,5	6,6
1,74	0,97	0,3	112,35	37,42	5,6	6,87	5,78	33,19	13,08	7,19	24,33	7,73	1,07	5,37	49,93	7,97	18,2	1,915	2,12	1,22	4,7	3,9	4,8
1,46	0,83	0,27	92,1	37,01	4,64	5,77	4,54	24,8	8,06	3,92	12,28	4,81	1,23	8,2	37,37	10,08	9,82	3,25	0	0,36	4,7	3,9	4,8
1,69	0,98	0,09	73,83	28,55	3,21	4,96	3,29	20,69	6,24	2,94	9,16	3,38	1,13	5,77	52,34	4,56	20,93	1,25	0	0,7	4,7	3,9	4,8
2,24	0,28	0,28	77,97	31,38	4,08	0,61	0,6	27,66	9,66	35,35	11,16	5,26	0,15	0,26	1,47	63,46	7,79	1,16	45,93	2,78	9,6	5,4	8
1,72	1,49	0,54	18,98	12,24	8,94	11,35	7,88	16,14	6,38	5,12	9,33	5,41	1,06	35,04	54,96	4,33	35,95	1	0	1,5	4,7	3,9	4,8
2,92	1,64	0,9	18,1	12,18	7,63	16,42	8,93	24,52	9,03	4,62	4,06	2,7	0,58	3,92	27	7,14	11,16	0,7	0	0,64	4,7	3,9	4,8
2,06	1,23	0,25	81,52	29,06	4,12	5,08	4,08	9,51	4,32	2,13	16,13	5,68	2,67	9,04	27,16	8,1	13,61	3,14	0	0,28	4,7	3,9	4,8
3,02	1,66	1,03	21,05	11,06	5,48	7,07	4,56	24,35	7,07	4,09	6,31	3,29	0,8	5,04	59,46	11,21	13,66	2,59	0	0,53	4,7	3,9	4,8
1,47	0,74	0,34	17,08	8,04	13,87	16,16	13,74	22,76	12,45	8,41	31,7	13,23	1,57	5,68	101,85	11,25	13,31	2,7	2,85	1,17	4,7	3,9	4,8
1,98	1,46	0,19	196,33	45,52	5,29	6,27	5,28	20,29	10,32	5,33	34,23	7,33	1,37	17,67	20,11	5,45	16,67	6,75	0	0,86	4,7	3,9	4,8
1,34	1,07	0,69	33,91	6,32	27,61	27,19	25,09	14,57	9,75	7,71	123,57	13,55	1,76	21,88	26,06	9,59	24,68	2,78	0	1,83	4,7	3,9	4,8
1,54	0,76	0,15	37,74	19,08	9,13	10,21	8,34	5,35	4,3	2,46	5,31	2,78	1,13	6,47	32,27	6,35	16,43	2,39	0	0,43	4,7	3,9	4,8
1,02	0,77	0,48	1,47	0,39	27,14	26,72	23,36	20,08	11,83	10,79	75,5	15,11	1,4	15,07	35,13	7,83	23,32	2,72	0	2,25	4,7	3,9	4,8
1,42	0,74	0,05	218,77	47,77	3,01	3,58	2,94	17,48	9,36	4,25	21,84	6,3	1,48	6,94	28,56	9,05	9,87	3,64	11,04	0,41	4,7	3,9	4,8
1,44	0,96	0,23	179,84	45,05	1,31	2,16	1,31	28,07	8,86	2,02	11,55	1,68	0,83	7,97	62,37	5,75	8,96	0,743	23,77	0,18	3,2	4,3	4
2,2	1,13	0,58	57,7	21,4	14,97	15,77	14,61	20,6	10,52	6,72	29,99	11,06	1,65	4,22	53,34	8,51	10,99	6	0	0,75	4,7	3,9	4,8
2,88	2,23	1,31	28,51	17,2	85,55	79,12	65,75	29,29	19,46	22,43	23,75	14,89	0,66	10,11	75,75	3,81	15,95	6,55	61,94	3,58	6,5	3,8	3,8
0,87	0,7	0,59	48,14	14,93	5,28	5,23	3,41	62,74	25,2	26,5	77,77	18,03	0,68	14,29	203,92	12,86	23,34	6,9	0	4,17	4,8	2	4,2
2,13	1,45	1,1	21,65	5,75	14,05	16,38	12,98	40,71	26,41	11,92	19,59	4,84	0,31	4,8	36,4	7,4	20,42	0,354	0	2,36	5,3	3	4
1,21	0,78	0,18	141,77	44,88	1,75	2,59	1,75	43,76	13,6	5,48	7,02	2,16	0,39	18,31	57,32	8,48	13,95	0,89	18,02	0,82	4,7	3,9	4,8
1,06	0,53	0,3	213,12	54,37	1,29	3,96	1,4	31,33	6,51	0,85	2,66	0,7	0,82	27,76	30,87	30,69	35,71	0,19	0	0,44	4,7	3,9	4,8
1,99	1,44	0,78	33,56	18,46	3,32	4,29	3,18	21,5	15,27	7,62	9,15	1,65	0,22	11,33	20,46	7,85	19,74	0,39	26,09	1,33	4,7	3,9	4,8
1,29	0,86	0,72	80,1	31,12	2,29	2,93	1,75	23,22	13,9	6,53	9,05	3,41	0,52	15,99	35,32	23,66	30,21	1,58	0	2,05	4,7	3,9	4,8
1,54	0,88	0,21	76,79	33,02	4,69	5,98	4,58	30,26	9,7	4,86	11,36	5,05	1,04	8,26	68,74	6,82	22,7	1,5	0	1,09	4,7	3,9	4,8
1,86	1,32	0,95	96,82	43,54	7	7,95	7,13	27,8	20,29	10,47	24,23	10,72	1,02	35,57	11,19	26,54	22,17	1,44	0	2,24	4,7	3,9	4,8
0,77	0,34	0,1	269,92	49,52	2,51	4,33	2,5	59,95	5,72	2,02	11,86	3,91	1,93	25,75	42,55	32,69	18,77	0,52	39,56	0,39	4,7	3,9	4,8
1,31	0,94	0,06	229,2	56,09	2,17	2,76	2,16	56,88	25,94	9,32	13,31	3,13	0,34	86,2	33,69	2,56	4,97	0,265	45,04	0,46	5,3	3	4
0,73	0,09	0,05	734,22	60,43	5,12	3,73	2,79	68,35	7,15	6,89	79,76	11	1,6	5,46	40,01	202,78	10,67	5,86	19,62	0,32	4,7	3,9	4,8
1,14	0,88	0,66	70,84	31,83	3,83	6,62	4,05	20,73	7,44	3,59	9,68	4,57	1,27	64,91	16,79	31,23	26,38	0,99	47,34	1,06	4,7	3,9	4,8
1,22	0,25	0,07	156,04	47,02	2,85	3,76	2,51	24,07	4,29	2,06	17,96	5,26	2,56	9,65	21,36	64,64	10,7	2,51	27,58	0,2	4,7	3,9	4,8
0,7	0,17	0,05	104,52	31,33	8,93	11,1	7,29	16,49	6,27	4,39	22,45	8,7	1,98	54,5	11,99	79,93	13,58	1,93	0	0,49	4,7	3,9	4,8
0,92	0,7	0,57	335,02	66,04	1,3	1,18	0,71	40,83	11,22	3,95	5,38	1,26	0,32	108,46	90,3	16,35	106,81	0,33	0	6,91	4,7	3,9	4,8
1,37	0,21	0,06	196,76	57,01	1,97	2,56	2,21	15,57	3,19	0,89	8,52	2,52	2,82	6,24	9,47	38,04	8,32	1,57	51,56	0,09	4,7	3,9	4,8
1,64	0,08	0,08	46,93	22,1	1,65	4,52	1,57	35,06	2,17	0,73	2,11	1	1,37	2,7	43,55	689,25	95,81	0,69	23,24	0,16	4,7	3,9	4,8
1,11	0,26	0,01	196,35	55,67	3,24	4,64	4,23	15,49	3,56	1,15	10,41	2,98	2,6	6,76	3,42	22,74	7,55	2,25	17,76	0,1	4,7	3,9	4,8
1,61	0,63	0,11	80,86	29,73	3,72	3,92	2,84	25,44	3,79	2,28	9,78	3,25	1,45	6,27	48,16	14,28	9,04	2,7	22,29	0,18	4,7	3,9	4,8
1,1	0,22	0,01	168,67	51,35	2,42	2,89	2,52	14,86	2,64	0,99	9,4	2,8	2,84	6,88	9,27	28,21	13,3	1,36	22,09	0,15	4,7	3,9	4,8
0,75	0,42	0,26	177,33	33,98	1,4	2,68	0,93	7,02	1,89	0,8	6,3	1,19	1,49	120,3	41,47	22,34	34,14	0,61	35,87	0,2	3,3	2,5	6,6
0,9	0,26	0,05	148,38	41,94	2,35	3,73	2,32	22,94	3,82	1,35	10,53	2,77	2,06	12,29	28,5	46,17	11,59	2,8	24,11	0,17	4,7	3,9	4,8
2,63	1,58	0,69	50,05	25,07	5,13	5,72	4,94	29,61	11,6	5,99	13,92	6,46	1,08	4,62	32,03	6,41	14,3	1,99	0	0,85	4,7	3,9	4,8
1,82	1,13	0,15	25,87	17,04	4,71	6,8	4,6	19,44	9,5	5,18	11,26	6,47	1,25	8,13	34,91	5,49	17,18	0,82	0	0,93	4,7	3,9	4,8
2,58	2,11	0,92	37,64	17,93	9,84	11,03	9,71	17,84	8,67	6,75	30,83	12,72	1,88	10,39	82,21	4,22	7	0,94	0	0,46	4,7	3,9	4,8
3,59	1,89	0,1	383,28	63,9	1,88	2,7	1,92	12,1	6,1	1,72	17,13	3,67	2,13	7,41	13,75	7,8	9,45	0,89	0	0,19	4,7	3,9	4,8
1,76	0,93	0,09	37,85	21,85	11,69	12,39	9,09	23,7	12,85	10,13	16,8	8,61	0,85	6,8	40,58	7,23	21,63	4,06	7,45	1,9	4,7	3,9	4,8
0,75	0,4	0,04	130,16	37,02	3,87	6,67	3,83	30,51	14,06	6,44	24,68	7,29	1,13	5,15	37,41	7,75	7,92	1,7	0	0,48	4,7	3,9	4,8
1,4	0,99	0,04	374,57	62,5	1,36	3,85	2,28	16,96	7,89	2,39	15,91	3,08	1,29	35,63	12,37	9,23	8,58	0,87	50,65	0,29	4,7	3,9	4,8
1,88	1,32	0,3	65,34	32,76	2,83	8,48	6,22	30,77	16,42	1,66	2,46	1,21	0,73	14,45	13,96	7,55	6,71	0,48	0	0,43	4,7	3,9	4,8
1,5	0,64	0,07	201,21	46,65	1,92	3,23	2,41	14,66	7,85	1,8	9,51	2,26	1,26	5,83	75,38	8,98	9,35	1,37	23,37	0,3	4,7	3,9	4,8
4,1	1,95	0,5	111,09	44,75	3,46	3,81	3,36	38,25	9,21	4,11	14,6	5,58	1,36	3,9	30,79	8,33	11,51	1,58	0	0,46	4,7	3,9	4,8
1,62	0,82	0,31	215,56	52,64	2,31	4,01	2,39	30,32	20,32	9,11	14,79	2,96	0,33	17,2	9,13	6,21	27,31	0,85	0	2,8	4,7	3,9	4,8
2,02	0,92	0,12	66,11	25,92	7,06	9,51	7,16	25,31	10,73	8,44	24,6	10,2	1,21	3,59	27,57	5,57	33,61	1,945	5,14	2,49	4,7	3,9	4,8
2,73	1,26	0,15	169,76	48,78	2,36	3	2,34	29,85	13,85	5,16	16,87	5,63	1,09	6,01	15,03	9,12	15,46	2,11	33,14	0,8	4,7	3,9	4,8
3,95	1,67	0,41	83,94	36,57	1,96	3,46	2,33	25,05	11,36	2,61	3,8	1,61	0,62	3,05	31,25	5,92	23,07	0,42	16,66	0,63	4,7	3,9	4,8
2,25	1,29	0,3	24,98	15,2	11,24	13,36	11,12	33,17	15,6	10,97	20,39	11,22	1,02	5,19	27,41	6,56	14,21	3,85	0	1,42	4,7	3,9	4,8
2,24	1,45	0,65	202,8	50,83	35,02	38,34	32,71	30,51	14,89	10,61	20,29	6,39	0,6	3,82	44,72	3,94	20,42	3,34	0	1,36	4,7	3,9	4,8
1,46	0,82	0,12	119,02	42,43	2,56	3,2	2,57	10,9	10,9	4,5	8,9	3,09	0,69	7,19	37,37	5,82	23,1	3,19	3,76	1	4,7	3,9	4,8
3,1	2,06	0,91	0,97	0,71	47,43	67,04	47,28	6,82	3,54	3,2	8,21	5,89	1,84	6,95	47,7	6,15	13,63	1,29	0	0,44	4,7	3,9	4,8
2,15	1,73	0,73	134,59	46,49	3,94	5,9	3,36	46,69	17,66	9,7	20,36	6,46	0,67	17,3	38,83	7,31	6,22	3,6	0	0,56	4,7	3,9	4,8
1,52	0,83	0,3	43,15	15,85	6,99	7,8	6,51	33,16	10,4	6,8	22,11	8,01	1,18	4,1	63,83	6,18	27,41	4,53	13,43	1,93	4,7	3,9	4,8
1,38	0,78	0,17	192,65	36,83	7,36	8,88	7,56	14,36	7,93	4,52	38,74	6,92	1,53	5,3	67,32	5	16,01	4,07	0	0,7	4,7	3,9	4,8
1,3	0,71	0,06	226,01	48,09	6,24	6,82	6,24	20,36	6,57	4,01	35,09	8,47	2,11	7,47	45,93	7,17	8,99	5,27	0	0,32	4,7	3,9	4,8
1,32	1,05	0,58	102,45	38,7	2,2	4,29	2	65,9	19,53	6,97	5,66	2,09	0,3	19,38	108,27	9,93	8,56	0,74	68,09	0,9	4,7	3,9	4,8
0,69	0,62	0,32	204,05	59,62	2,58	4,12	2,57	68,88	32,59	11,66	11,48	3,47	0,3	25,57	43,52	12,24	23,47	0,93	175,65	2,43	4,7	3,9	4,8
1,17	0,92	0,4	558,99	68,42	1,27	2,53	1,16	67,41	20,24	3,47	8,45	1,04	0,3	20,37	47,32	8,4	22,97	0,44	349,6	1,14	4,7	3,9	4,8
1,54	1,17	0,63	357,58	66,87	2,32	4,59	2,33	67,76	20,03	6,49	20,09	3,57	0,55	24,51	63,3	11,92	37,43	0,78	65,2	2,26	4,7	3,9	4,8
1	0,88	0,46	476,81	62,51	2,97	2,24	1,12	68,65	15,95	21,39	123,68	10,49	0,49	18,99	50	5,05	16,57	42,45	14,58	1,52	4,8	3,2	4,2
1,44	0,86	0,49	329,89	56,25	4,37	4,95	4,21	39,88	11,54	8,84	95,35	13,25	1,5	10,77	24	19,17	13,2	3,91	55,42	0,91	4,7	3,9	4,8
0,96	0,39	0,02	95,82	40,71	2,23	3,8	2,28	31,11	8,48	4,52	9,45	3,96	0,88	9,8	32,71	14,01	25,93	0,61	162,3	0,83	4,7	3,9	4,8
0,38	0,14	0,01	137,74	39,97	1,04	2,53	1,04	41,41	6,53	3,94	4,41	1,24	0,32	10,79	50,19	9,6	44,06	0,98	118,97	0,57	4,7	3,9	4,8
1,37	1,19	0,95	51,77	27,15	3,94	6,82	5,47	64,21	32,14	6,84	4,66	2,42	0,35	13,52	38,28	11,95	12,01	0,88	38,09	1,95	4,7	3,9	4,8
1,46	1,21	0,32	44,22	13,22	10,98	10,76	9,99	85,88	31,17	23,22	47,07	12,19	0,52	0,8	229,05	1,23	9,88	3,34	15,64	1,88	4,7	3,9	4,8
1,37	0,08	0,01	52,32	19,09	11,99	16,19	11,96	47,91	8,6	4,92	23,2	8,68	1,77	1,69	94,22	53,23	15,56	2,3	10,4	0,78	4,7	3,9	4,8
0,42	0,23	0,1	84,33	38,03	2,61	3,7	2,41	60,99	14,66	9,81	9,39	4,25	0,43	27,61	31,44	24,62	9,06	2,84	21,17	0,95	4,7	3,9	4,8
0,85	0,13	0	52,16	23,68	73,38	114,98	70,69	34,84	4,51	2,77	12,77	6,95	2,51	17,47	14,72	70,37	24,07	1,3	66,69	0,51	4,7	3,9	4,8
1,25	0,58	0,07	26,31	11,24	8,27	12,01	7,55	29	3,07	2,55	13,93	5,73	2,25	6,77	51,22	10,38	10,14	1,45	0	0,22	4,7	3,9	4,8
7,5	6,06	4,91	44,97	27,64	13,54	13,22	11,65	40,83	24,65	17,22	16,96	10,2	0,59	4,28	33,6	7,42	25,93	2,81	19,25	3,48	4,7	3,9	4,8
2,35	1,99	1,12	33,19	18,24	21,22	22,08	18,45	17,27	7,97	5,23	13,71	7,4	1,41	31,69	31,51	6,21	26,65	0,96	0	1,32	4,7	3,9	4,8
0,88	0,52	0,01	95,41	33,53	3,64	4,67	3,17	71,83	6,08	3,6	18,64	5,97	1,66	4,47	171,36	9,46	6,61	0,155	19,42	0,24	7,4	4,2	5,7
2,1	1,29	0,65	41,85	18,86	7,47	15,93	6,21	18,29	5,15	4,43	10,64	4,55	1,03	5,45	45,04	6,41	10,68	0,98	30,73	0,53	3,3	2,5	6,6
2,29	1,33	0,39	45,73	22,63	8,77	10,76	8,78	26,66	10,38	6,31	20,77	9,74	1,54	5,31	37,6	6,41	28,81	3,71	11,18	1,88	4,7	3,9	4,8
2,93	1,61	0,26	70,4	30,78	5,87	7,67	5,91	33,97	11,2	6,48	12,31	5,59	0,86	3,21	35,17	4,07	17,5	2,38	0	1,08	4,7	3,9	4,8
1,82	1,16	0,35	42,88	22,23	8,33	9,71	7,83	27,62	10,6	6,75	14,31	8,01	1,19	6,4	65,75	6,88	12,53	3,06	6,55	0,78	4,7	3,9	4,8
1,43	0,7	0,03	119,19	39,64	3,5	5,83	3,74	19,24	8,05	3,53	14,89	4,56	1,29	8,44	29,52	10,04	16,35	2,12	18,38	0,54	4,7	3,9	4,8
1,03	0,55	0,05	58,1	10,58	5,62	10,12	6,26	17,33	9,43	5,98	27,41	4,97	0,83	3,81	65,03	5,07	7,79	2,95	30,63	0,54	3,3	2,5	6,6
1,57	0,64	0,2	198,47	46,38	3,93	6,02	3,93	14,15	8,87	4,2	28,34	5,92	1,41	5,87	41,65	12,93	17,81	3,26	19,64	0,72	4,7	3,9	4,8
1,3	0,73	0,19	63,45	24,07	5,6	8,66	6,42	18,22	8,79	4,71	16,96	6,46	1,37	12,13	47,22	10,01	16,6	2,69	13,88	0,52	4,7	3,9	4,8
1,56	0,97	0,25	25,71	11,46	38,97	48,4	41,22	28,07	7,48	4,51	20,96	9,56	2,12	8,55	38,18	7,54	13,3	2,55	20,82	0,57	4,7	3,9	4,8
1,71	0,86	0,42	79,59	33,99	7,06	8,29	6,73	19,35	13,38	7,65	18,73	7,85	1,03	5,54	77,67	13,96	10,2	3,72	6,96	0,77	4,7	3,9	4,8
1,22	0,77	0,16	78,11	25,25	5,97	6,71	5,69	28,89	9,07	6,1	14,3	5,04	0,83	5,63	63,29	3,97	22,19	5,36	18,26	1,25	4,7	3,9	4,8
2,21	1,28	0,52	56,45	26,79	1,72	3,06	1,59	11,51	3,67	1,46	4,08	1,52	1,04	12,7	24,86	11,85	137,44	0,78	0	0,67	4,7	3,9	4,8
2,53	1,34	0,04	97,47	33,86	9,79	10,7	9,71	24,15	7,5	4,33	25,23	9,08	2,1	4,51	45,96	5,24	10,55	6,79	0	0,38	4,7	3,9	4,8
1,28	1,11	0,17	25,68	7,91	23,18	25,74	21,66	11,86	3,38	2,14	15,9	5,11	2,39	28,78	35,9	4,53	13,22	1,97	0	0,29	4,7	3,9	4,8
1,31	0,65	0,28	34,11	14,55	8,08	10,42	7,77	17,44	5,75	3,61	13,93	5,53	1,53	5,13	49,06	9,46	20,59	2,69	0	0,75	4,7	3,9	4,8
1,88	0,94	0,34	51,88	19,7	5,74	8,67	6,88	12,02	5,29	2,55	11,55	4,15	1,63	5,25	49,83	6,27	11,61	7,41	16,19	0,3	3,5	3	4
1,22	0,49	0,1	175,54	39,18	3,52	6,19	4,31	16,71	8,62	3,76	22,43	4,74	1,26	6,44	43,41	12,86	15,09	2,78	14,29	0,71	4,7	3,9	4,8
1,23	0,67	0,22	51,48	20,05	2,07	5,58	2,87	6,61	2,07	0,6	3,09	1,25	2,1	8,12	67,77	9,31	12,62	0,36	79,02	0,18	4,7	3,9	4,8
0,89	0,48	0,31	140,89	21,36	1,83	2,57	1,6	11,85	4,8	1,81	11,13	1,47	0,89	4,11	107,22	9,25	30,94	0,17	0	0,74	6,8	1,7	4,2
1,63	0,48	0,2	163,31	37,95	2,78	2,51	2,34	3,51	1,7	1,1	20,59	4,91	4,47	15,24	28,28	26,72	13,78	0,085	25,01	0,18	9,6	5,4	8
1,6	0,74	0,54	44,29	26,82	12,74	9,92	8,73	27,87	19,15	24,13	20,4	11,82	0,49	5,87	38,69	17,2	6,69	4,91	28,56	1,61	9,6	5,4	8
1,34	0,98	0,29	118,8	30,39	10,08	5,35	1,51	17,16	1,06	1,34	5,03	1,24	0,92	5,29	128,31	2,59	18,54	18,01	41,64	0,25	1	1,2	4,2
1	0,58	0,04	99,04	25,17	6,61	10,88	6,8	20,74	3,89	1,82	6,34	1,63	0,89	4,62	93,97	3,39	18,85	23,49	34,05	0,34	1	1,2	4,2
0,77	0,51	0,13	180,18	48,46	4	8,85	4,76	20,74	5,56	2,21	7,03	1,66	0,75	8,84	55,79	4,72	10,85	21,84	23,12	0,24	1	1,2	4,2
1,2	0,78	0,11	133	38,66	3,76	10,32	5,52	14,63	4,13	1,3	6,38	1,45	1,11	8,53	57,36	4,21	17,83	21,81	31,92	0,23	1	1,2	4,2
0,91	0,4	0,12	132,68	37,19	8,43	10,72	6,79	14,09	6,04	4,48	16,99	4,09	0,91	5,75	43,98	6,72	8,29	59,14	13,62	0,37	1	1,2	4,2
0,78	0,62	0,11	765,29	65,23	3,63	3,76	2,62	63,93	35,73	28,12	156,82	11,29	0,4	31,96	52,01	9,82	10,51	1,94	51,38	1,87	4,7	3,9	4,8
0,86	0,64	0,5	48,54	26,18	11,43	13,15	11,32	81,66	30,77	20,4	31,27	15,39	0,75	15,73	251,64	24,17	24,03	1,439	0	4,89	30	14	6,6
1,85	1,45	0,97	71,38	31,04	4,56	7,5	4,49	47,33	22,15	13,41	24,04	8,13	0,61	62,87	79,66	4,96	6,45	6,011	28,47	0,89	6,2	5	8,5
0,59	0,4	0,03	93,35	34,36	2,73	4,02	2,73	41,03	7,07	4,8	8,39	2,96	0,63	36,08	35,57	7,67	13,91	1,52	60,71	0,64	4,7	3,9	4,8
0,75	0,68	0,45	32,57	19,05	9,34	16,16	12,3	55,6	31,21	10,56	7,45	4,42	0,42	85,46	33,72	16,4	14,78	1,64	6,13	2,75	4,7	3,9	4,8
1,86	1,28	0,55	103,85	36,2	11,37	13,73	10,31	56,49	30,53	19,39	29,08	12,59	0,65	7,43	38,44	5,52	24,04	1,54	34,38	4,25	4,7	3,9	4,8
0,94	0,31	0,1	102,59	34,49	7,82	9,29	7,56	91,38	16,65	9,24	11,39	4,03	0,44	0,68	312,56	9,82	10,46	2,22	0	0,88	4,7	3,9	4,8
0,51	0,07	0,03	64,23	24,4	7,1	16,64	12,33	23,5	10,3	3,62	17,33	6,84	1,89	20,86	16,68	133,33	13,01	1,4	15,7	0,75	4,7	3,9	4,8
1,38	0,3	0,26	15,45	6,33	40,73	50,63	39,35	22,71	7,05	4,37	27,76	11,04	2,53	4,45	52,92	176,85	17,81	1,93	16,43	0,78	4,7	3,9	4,8
1,24	0,51	0,12	207,49	33,16	5,88	5,94	5,1	15,06	9,15	5,36	34,4	7,94	1,48	8,05	23,09	11,77	17,99	1,85	15,4	0,93	4,7	3,9	4,8
0,92	0,67	0,17	115,36	36	6,9	6,84	6,03	44,64	21,87	13,69	25,75	8,22	0,6	11,01	22,92	5,53	15,57	2,73	0	1,83	4,7	3,9	4,8
1,37	0,91	0,31	33,01	17,53	4,64	5,39	4,59	40,81	18,63	8,86	5,54	2,97	0,34	8,52	18,75	5,12	11,79	1,75	54,52	1,11	4,7	3,9	4,8
0,71	0,43	0,17	33,16	16,36	11,45	20,93	15,1	54,4	20,99	12,12	13,04	5,96	0,49	25,1	368,43	6,44	13,6	2,26	57,14	1,39	3,5	3	4
1,08	0,3	0,22	18,04	6,4	36,81	44,21	34,85	23,85	5,4	3,52	26,34	10,69	3,04	6,98	48,08	72,97	13,6	3,2	14,5	0,47	4,7	3,9	4,8
0,78	0,17	0,05	84,38	32,04	4,47	7,02	4,38	28,74	4,19	2,1	14,37	5,24	2,49	11,08	31,79	81,39	15,2	2,02	13,12	0,32	4,7	3,9	4,8
1,11	0,58	0,14	39,61	9,97	10,85	12,21	10,84	3,52	1,24	0,71	12,96	3,74	5,27	14,96	38,81	19,15	15,15	2,53	7,54	0,1	4,7	3,9	4,8
3,2	1,49	0,52	39,11	22,86	11,02	12,55	10,92	41,84	18,77	11,42	14,49	8,48	0,74	4,67	36,11	7,55	18,73	1,92	25,02	2,15	4,7	3,9	4,8
1,54	0,99	0,37	32,8	17,52	9,82	14,77	10	40,55	9,44	7,37	8,35	4,82	0,65	5,51	57,07	5,9	21,51	1,11	24,9	1,83	4,7	3,9	4,8
1,53	0,97	0,18	68,24	23,63	12,56	14,35	12,52	49,96	14,66	9,95	29,45	10,93	1,1	5,57	44,11	5,42	20,78	4,82	0	2,02	4,7	3,9	4,8
1,49	0,9	0,28	72,78	32,89	8,18	9,37	8,25	32,4	18,09	10,67	20,66	9,35	0,88	5,37	44,35	5,9	21,8	2,15	11,14	2,33	4,7	3,9	4,8
1,93	0,92	0,32	66,01	31,59	12,19	14,76	12,3	30,94	13,54	8,57	15,95	8,33	0,97	6,02	38,81	8,81	13,17	3,16	0	1,07	4,7	3,9	4,8
1,93	1,19	0,53	59,71	23,38	5,58	7,32	5,66	47,08	14,31	5,67	12,76	4,93	0,87	2,71	47,79	4,21	26,19	1,04	34	1,97	4,7	3,9	4,8
1,3	0,9	0,41	89,01	33,27	11,47	17,22	11,43	22,67	12,63	7,34	23,41	8,46	1,15	8,95	25,52	8,59	15,36	1,63	64,51	1,12	4,7	3,9	4,8
0,74	0,49	0,1	45,56	22,68	6,84	12,63	7,63	21,31	9,78	5,18	10,42	5,21	1	19,92	81,63	12,47	11,38	1,42	19,32	0,63	6,8	1,7	4,2
2,09	1,06	0,1	24,42	14,08	9,33	12,21	9,51	35,28	11,62	7,3	12,54	6,91	0,95	4,18	35,56	5,59	13,7	2,27	17,96	1,09	4,7	3,9	4,8
2,57	1,13	0,73	66,15	33,3	4,71	6,36	4,08	39,53	14,35	10,55	14,06	6,53	0,62	2,54	42,5	11,48	10,47	3,46	46,57	1,03	5,8	1,5	5,7
2,64	1,18	0,23	28,72	16,16	28,53	29,43	23,83	20,28	9,73	7,5	20,67	11,07	1,48	4,87	22,29	7,98	11,19	3,5	16,22	0,68	4,7	3,9	4,8
1,73	0,76	0,21	127,04	41,81	4,87	6,51	4,82	28,62	14,51	7,53	23,57	7,51	1	6,98	23,93	11,54	13,59	1,87	0	0,92	4,7	3,9	4,8
1,85	0,97	0,13	55,52	26,52	5,23	6,43	5,26	30,15	11,12	6,21	11,78	5,73	0,92	5,89	33,55	7,6	16,33	2,13	28,46	1,03	4,7	3,9	4,8
0,93	0,66	0,03	266,06	49,02	8,47	13,19	8,47	15,51	10,57	6,11	38,65	11,73	1,92	200,81	22,31	10,32	22,86	1,59	22,92	1,24	4,7	3,9	4,8
0,95	0,49	0,13	94,74	33,05	5,06	5,98	4,51	50,09	16,02	10,2	19,64	6,99	0,69	3,48	79,74	6,52	12,05	1,584	45,06	1,23	3,5	3	4
1,26	1,04	0,3	108,18	32,59	6,57	10,16	6,17	14,66	6,09	3,49	19,14	5,49	1,65	172,68	25,17	9,3	13,69	3,22	12,39	0,45	4,7	3,9	4,8
1,25	0,47	0,1	50,71	15,59	12,55	15,43	12,28	24,77	9,23	6,1	24,77	7,46	1,22	3,73	60,52	6,36	11,57	2,69	111,55	0,72	6,8	3,5	6,2
0,4	0,3	0,13	0	0	7,49	3,75	2,64	38,21	24,35	56,65	14,84	8,78	0,15	8,14	41,21	4,49	24,21	1,42	46,99	13,01	9,6	5,4	8
2,04	0,81	0,23	67,76	23,2	6,38	8,73	6,8	29,86	13,79	7,55	21,18	6,69	0,89	2,72	44,8	6,72	14,75	3,86	21,05	1,2	4,7	3,9	4,8
1,49	0,86	0,17	65,88	24,83	2,81	3,77	1,42	17,32	4,55	4,13	7,87	2,98	0,72	7,59	37,6	6,84	23,06	1,56	58,94	0,66	4,7	3,9	4,8
1,81	0,54	0,1	70,05	31,34	4,76	5,74	4,78	43,31	17,44	9,47	14,65	5,32	0,56	2,16	37,64	8,5	13,9	4,98	33,2	1,28	4,7	3,9	4,8
0,96	0,63	0,03	84,08	32,94	3,67	3,79	1,79	16,35	4,2	5,36	15,07	5,61	1,05	6,49	64,9	5,27	20,17	0,595	126,26	0,59	7,4	4,2	5,7
1,78	0,99	0,26	18,21	8,22	19,9	21,43	16,43	19,59	7,3	5,66	23,8	9,44	1,67	6,8	40,03	6,93	17,08	3,72	12,04	0,97	4,7	3,9	4,8
0,95	0,78	0,13	136,63	41,32	4,1	6,4	4,08	36,87	16,66	8,74	19,36	5,7	0,65	82,37	29,29	8,01	17,48	2,25	42,56	1,42	4,7	3,9	4,8
0,67	0,35	0,1	73,1	24,26	6,6	9,05	6,6	22,06	22,06	11,57	16,88	5,59	0,48	23,09	83,51	19,81	19,94	5,19	22,03	2,31	4,7	3,9	4,8
0,85	0,5	0,29	49,29	20,2	7,24	9,74	7	22,7	20,73	11,39	12,01	4,98	0,44	29,69	20,44	24,84	22,08	6,97	21,35	2,47	4,7	3,9	4,8
1,24	0,72	0,26	83,7	35,71	5,29	7,01	5,45	27,9	18,67	10,84	17,84	6,57	0,61	7,27	47,75	6,79	11,85	11,05	43,77	1,14	3,5	3	4
1,22	1,02	0,29	20,91	11,03	19,91	29,52	19,27	22,81	9,3	5,72	16,68	8,64	1,51	84,16	26,32	9,44	14,28	6,57	5,65	0,74	4,7	3,9	4,8
1,32	0,63	0,22	34,82	9,56	5,72	7,64	5,46	18,24	7,15	4,06	22,68	5,7	1,4	5,03	39,1	7,44	10	4,3	30,21	0,41	3,3	2,5	6,6
1,42	0,89	0,19	39,13	20,61	10,85	31	12,77	25,43	4,94	2,19	3,34	1,74	0,79	4,59	57,4	3,93	19,98	19,97	60,12	0,44	1	1,2	4,2
1,37	0,86	0,4	93,18	31,91	10,77	17,37	11,1	23,09	8,98	5,52	16,06	5,18	0,94	5,74	78,43	5,81	12,05	78,84	24,12	0,67	1	1,2	4,2
1,08	0,61	0,21	87,41	33,95	26,62	32,2	25,4	15,33	9,74	6,24	23,71	8,88	1,42	40,26	25,37	13,23	8,43	131,36	19,95	0,53	1	1,2	4,2
1,19	0,55	0,05	86,65	20,05	8,09	14,33	9,64	15,93	5,12	2,34	11,64	2,57	1,1	2,91	121,22	3,58	14	21,08	23,74	0,33	1	1,2	4,2
2,31	1,99	1,29	23,85	15,17	12,71	14,81	7,03	22,85	7,79	9,68	5,62	3,64	0,38	6,98	33,74	3,6	24,08	20099	49,86	2,33	7,2	4,2	3,2
1,36	0,86	0,24	310,2	51,27	4	4,35	2,93	14,33	4,8	3,53	19,31	2,92	0,83	7,98	105,96	3,52	11,01	84,93	15,32	0,39	1	1,2	4,2
1,28	0,85	0,13	21,71	8,09	3720,87	3082,48	2896,17	14,3	7,35	6,65	20,43	7,64	1,15	16,64	88,74	3,12	17,42	8009	20,59	1,16	7,2	4,2	3,2
0,4	0,25	0,05	88,42	36,83	3,89	6,21	3,7	64,71	29,86	15,75	12,69	5,35	0,34	123,45	48,52	17,49	10,65	3,82	6,86	1,4	4,7	3,9	4,8
1,6	0,87	0,2	101,12	36,35	4,08	6,86	4,08	56,96	14,62	8,52	12	4,19	0,49	11,51	48,4	10,24	12,74	1,64	0	1,04	4,7	3,9	4,8
0,71	0,28	0,02	112,21	37,08	2,4	4,3	2,4	65,58	17,29	9,36	7,06	2,32	0,25	5,27	101,34	9,54	17,67	1,86	64,59	1,54	4,7	3,9	4,8
1,13	0,7	0,36	85,93	32,06	2,57	4,73	2,57	36,04	9,47	14,73	16,04	5,85	0,4	8,22	74,01	10,15	16,16	2,55	35,31	1,44	4,7	3,9	4,8
0,86	0,53	0,04	102,84	33,23	2,46	4,06	2,46	44,3	11,67	4,43	6,79	2,15	0,49	5,38	46,09	8,18	17,53	1,45	88,9	0,8	4,7	3,9	4,8
0,97	0,51	0,05	112,68	43,76	2,99	4,47	2,99	49,59	27,2	11,3	10,93	3,68	0,33	6,33	156,94	5,08	15,19	1,36	66,03	1,84	6,8	1,7	4,2
0,49	0,18	0,05	112,33	31,31	8,39	7,75	5,73	37,31	22,89	18,91	25,2	7,16	0,38	2,66	102,62	14,44	45,85	2,12	41,48	6	4,7	3,9	4,8
1,35	0,97	0,32	183,36	46,04	4,57	6,37	4,57	59,4	24,42	14,63	27,99	6,18	0,42	4,17	82	6,5	15,98	2,06	52,98	1,99	4,7	3,9	4,8
0,54	0,4	0,03	89,81	34,97	3,24	5,59	3,16	41,02	19,5	11,13	13,07	4,22	0,38	39,39	103,37	4,76	23,16	1,53	65,58	2,43	6,8	1,7	4,2
0,66	0,5	0,07	94,03	31,31	3,31	5,45	3,31	33,36	9,52	4,87	10,83	3,44	0,71	23,22	60,78	8,52	14,38	1,86	89,43	0,66	4,7	3,9	4,8
1,07	0,76	0,33	152,95	40,01	2,25	4,36	2,25	42,45	9,27	4,33	8,63	2,15	0,51	17,42	62,95	12,22	15,8	1,59	49,02	0,72	4,7	3,9	4,8
1,16	0,48	0,07	116,02	38,68	2,79	4,16	2,79	21,19	6,87	2,86	9,32	2,9	1,02	9,52	27,18	15,63	14,81	1,94	66,27	0,39	4,7	3,9	4,8
1,1	0,64	0,19	130,36	38,35	3,55	5,43	3,55	74,98	25,9	20,1	24,12	6,49	0,33	4,69	162,2	6,27	19,41	3,39	45,83	2,89	4,7	3,9	4,8
0,94	0,45	0,03	144,2	35,82	1,45	3,19	1,45	58,23	9,08	11,42	16,6	4,09	0,36	5,27	123,19	5,51	14,63	5,73	45,49	0,79	4,7	3,9	4,8
0,98	0,66	0,03	133,22	35,48	2,27	3,34	2,27	32,35	8,27	3,57	8,76	2,28	0,64	21,97	43,13	7,4	15,24	1,72	60,62	0,54	4,7	3,9	4,8
0,74	0,52	0,13	547,57	55,46	1,89	2,9	1,89	37,7	12,31	4,15	23,71	2,25	0,54	6,74	51,29	6,56	14,41	1,25	54,62	0,55	4,7	3,9	4,8
1,22	0,75	0,39	136,08	33,06	3,23	5	3,23	57,14	17,91	10,1	14,13	3,51	0,35	5,79	78,23	9,75	19,34	5,77	44,69	2,03	4,7	3,9	4,8
0,43	0,3	0,03	131,29	36,75	3,79	6,15	3,79	60,83	21,99	10,22	14,53	4,14	0,4	9,13	55,32	9,53	18,67	4,27	47,75	1,81	4,7	3,9	4,8
1,15	0,58	0,09	133,49	34,69	4,1	5,33	4,1	49,25	23,26	10,42	19,01	4,69	0,45	5,9	56,53	7,19	14,52	2,63	45,03	1,64	4,7	3,9	4,8
0,59	0,32	0,1	154,38	38,78	2,71	4,59	2,71	62,88	17,03	8,16	11,17	2,78	0,34	5,28	97,56	12,41	12,86	2,73	55,07	1,25	4,7	3,9	4,8
1,02	0,6	0,01	174,58	43,74	2,63	4,1	3,21	6,16	6,1	2,26	14,57	2,84	1,26	14,33	36,48	8,78	18,1	2,84	49,29	0,36	4,7	3,9	4,8
1,35	1,01	0,36	59,99	23,3	23,51	23,25	20,72	58,07	26,69	22,03	72,27	29,01	1,32	7,17	44,97	5,68	14,26	0,53	72,69	3,14	7,4	4,2	5,7
1,48	0,41	0,27	25,79	13,48	7,17	9,83	7,4	56,05	8,34	4,67	8,49	4,63	0,99	3,91	54,33	21,42	10,29	1,53	26,04	0,56	4,7	3,9	4,8
1,72	1,53	0,76	47,32	29,34	3,91	4,29	3,34	63,79	18,52	12,49	7,74	4,16	0,35	18,16	84,16	6,79	14,63	0,227	99,62	1,7	7,4	4,2	5,7
0,68	0,5	0,05	105,17	29,8	5,74	6,1	3,57	58,03	8,36	6,53	23,21	5,7	0,87	42,18	60,9	7,6	16,98	1,45	114,25	0,8	4,7	3,9	4,8
0,69	0,26	0,16	102,93	35,75	9,62	14,45	9,32	72,08	7,87	5,26	24,46	10,13	1,93	33,1	47,77	85,49	12,56	1,9	18,05	0,56	4,7	3,9	4,8
0,87	0,37	0,08	171,03	37,36	4,4	5,66	4,24	28,12	14,81	8,81	21,32	5,73	0,65	6,91	15,17	10,18	17,81	2,67	31,68	1,55	4,7	3,9	4,8
1,03	0,11	0,09	37,09	18,63	5,19	6,66	4,2	34,93	4,26	2,93	6	3,04	1,04	3,58	68,13	194,68	12	0,117	62,04	0,35	5,3	3	4
2,12	1	0,74	127,75	39,06	8,66	8,27	5,91	34,95	8,68	7,09	27,75	9,88	1,39	4,36	33,27	38,17	15,45	1,91	31,62	0,71	4,7	3,9	4,8
0,72	0,49	0,38	282	44,35	6,98	9,31	6,58	72,89	12,58	8,73	70,57	13,37	1,53	25,56	75,74	46,81	21,77	1,74	34,46	1,88	4,7	3,9	4,8
1,12	0,26	0,01	51,12	20,94	2,8	3,22	2,85	16,08	3,98	1,58	7,76	3,26	2,07	6,41	50,74	23,45	11,81	1,41	0	0,18	4,7	3,9	4,8
0,86	0,33	0,18	75,88	28,68	4,48	6,64	5,41	44,48	9,09	4,67	10,14	3,65	0,78	3,67	86,68	15,08	10,03	7,19	41,76	0,54	3,5	3	4
2,02	0,87	0,74	69,8	25,91	7,02	8,03	6,56	38,63	9,51	5,59	23,15	8,24	1,47	3,46	41,55	57,32	9,42	4,99	16,11	0,46	4,7	3,9	4,8
0,81	0,42	0,26	100,52	31,89	4,16	5,01	3,36	26,16	4,79	3,26	14,12	3,86	1,18	8,59	77,37	15,9	14,88	7,02	39,07	0,38	3,5	3	4
1,18	0,2	0,11	98,45	35,1	3,2	5,74	3,53	40,42	7,91	3,39	8,06	3,11	0,92	3,02	107,06	53,7	11,08	2	25,3	0,38	4,7	3,9	4,8
0,82	0,12	0,03	165,26	36,42	4,85	7,72	4,85	23,43	3,28	1,68	24,01	5,43	3,23	11,36	26,46	90,1	15,9	1,71	17,44	0,27	4,7	3,9	4,8
2,69	1,27	0,4	3,26	2,03	14,91	11,37	9,81	27,71	5,72	5,15	16,18	8,84	1,72	3,93	34,28	6,75	17,18	2,29	35,77	0,53	4,7	3,9	4,8
3,3	1,89	1,08	47,18	25,07	5,27	6,26	4,79	33,39	9,33	5,6	8,89	4,57	0,82	2,8	44,17	5,96	14,18	2	20,1	0,76	4,7	3,9	4,8
3,31	0,97	0,26	12,07	8,57	11,29	13,49	11,82	33,98	14,72	8,78	15	9,01	1,03	2,1	49,52	8,58	19,18	1,67	0	1,85	4,7	3,9	4,8
1,95	0,98	0,18	61,98	24,15	11,52	13,11	11,04	36,14	11,92	7,59	37,36	15,21	2	4,89	27,22	6,73	11,97	3,5	13,66	0,82	4,7	3,9	4,8
1,42	1	0,46	59,15	30,66	8,35	10,18	8,4	50,35	20,85	11,89	15,26	7,75	0,65	5,18	34,86	6,14	21,84	2,83	9,19	2,51	4,7	3,9	4,8
1,85	1,3	0,47	55,26	23,03	7,58	8,52	7,42	42,28	10,15	5,85	24,39	9,69	1,66	7,28	62,05	6,59	13,25	3,48	17,26	0,91	4,7	3,9	4,8
2,04	0,97	0,23	54,77	18,57	15,07	16,36	14,83	32,45	18,58	10,98	34,04	13,69	1,25	2,52	40,09	5,14	26,94	2,54	23,65	3,13	4,7	3,9	4,8
2,35	1,33	0,35	57,13	27,01	14,47	17,23	14,99	32,62	19,39	12,39	32,58	14,5	1,17	4,4	49,34	6,38	22,43	1,98	3,03	2,76	4,7	3,9	4,8
1,43	0,74	0,26	109,62	14,39	18,69	2,1	0,32	13,65	0,97	33,24	87,91	9,88	0,3	7,57	25,2	8,87	15,66	12,31	100,27	0,32	4,7	3,9	4,8
1,11	0,7	0,25	92,68	34,42	4,04	4,78	3,67	27,97	11,84	7,59	19,21	6,75	0,89	6,14	32,01	6,16	14,66	2,21	18,3	0,8	4,7	3,9	4,8
2,26	0,86	0,03	36,88	16,51	7,63	13,52	8,4	20,13	6,85	4,2	12,81	5,24	1,25	4,1	43,53	7,3	14,28	2,33	28,7	0,65	4,7	3,9	4,8
2,21	1,54	1,1	64,53	27,63	8,36	8,52	6,42	54,78	10,77	11,77	18,54	8,55	0,73	3,86	51,86	7,6	21,3	1,62	0	2,41	4,7	3,9	4,8
1,72	0,83	0,72	57,91	19,97	3,96	3,22	1,91	16,1	5,28	6,58	12,75	4,11	0,62	1,76	75,19	14,15	17,11	0,887	62,34	1,08	6,2	5	8,5
0,93	0,71	0,27	83,56	28,42	6,05	7,48	5,35	28,06	22,22	13,32	15,16	5,27	0,4	32,5	48,94	8,54	22,24	3,11	18,84	2,75	4,7	3,9	4,8
1,84	0,3	0,3	74,66	31,52	4,95	5,59	4,89	12,9	10,37	5,42	13,39	5,46	1,01	4,26	14,37	8	17,25	6,05	16,64	0,94	4,7	3,9	4,8
1,98	1,32	0,2	35,56	16,44	8,6	9,58	8,88	13,06	4,37	2,51	12,61	5,79	2,31	8,13	51,38	5,62	9,01	2,65	0	0,24	4,7	3,9	4,8
1,18	0,69	0,09	150,12	40,58	2,29	3,33	2,8	23,87	12,31	3,5	9,79	2,66	0,76	3,91	67,7	3,07	16,61	2,36	10,55	0,63	4,8	2	4,2
1,87	1,25	0,15	34,81	15,34	6,77	7,74	6,87	14,3	4,37	2,55	12,45	5,54	2,17	8,13	57,74	5,34	9,25	3,31	0	0,23	4,7	3,9	4,8
1,07	0,55	0,13	68,65	17,68	11,73	12,43	9,11	6,32	1,69	1,1	3,75	0,95	0,86	3,62	134,81	4,11	20,12	25,83	30,97	0,22	1	1,2	4,2
1,12	0,56	0,09	131,98	28,38	5,14	6,77	5,56	8,45	2,85	1,43	6,72	1,31	0,92	4,03	127,03	3,4	12,67	22,97	26,12	0,18	1	1,2	4,2
1,01	0,57	0,08	153,54	24,7	6,99	4,18	2,15	6,12	0,96	2,23	13,14	2,09	0,94	5,25	122,12	3,14	9,64	40,53	17,22	0,21	1	1,2	4,2
1,21	0,77	0,28	249,67	48,67	3,52	3,64	2,77	4,81	1,6	1,09	13,34	2,37	2,18	14,89	36,29	8,66	7,55	51,98	15,75	0,08	1	1,2	4,2
1,38	0,91	0,37	30,94	17,86	7,16	12,2	5,33	65,61	11,43	7,98	10,17	5,57	0,7	12,44	67,17	12,48	20,54	3,59	0	1,34	4,7	3,9	4,8
1,38	1,29	1,1	35,73	16,54	4,04	6,4	2,79	64,87	12,07	8	10,3	3,77	0,47	13,86	65,46	9,19	18,03	3,28	13,34	1,14	4,7	3,9	4,8
0,78	0,45	0	131,79	39,77	2,53	6,36	3,43	74,67	19,62	6,29	14,44	4,33	0,69	34,65	306,08	8,72	23,59	1	41,6	2,65	6,8	1,7	4,2
1,02	0,6	0,03	106,66	39,07	2,27	3,93	2,27	53,31	16,06	6,78	6,6	2,38	0,35	2,38	104,69	7,03	18,25	1,09	117,99	1,31	4,7	3,9	4,8
0,91	0,65	0,14	76,36	30,11	4,47	6,9	4,47	74,72	26,28	14,19	11,22	4,19	0,3	0,93	466,22	2,51	15,93	2,66	50,66	1,93	4,7	3,9	4,8
0,43	0,16	0,02	126,06	36,12	1,68	2,77	1,68	40,07	9,76	2,71	4,21	1,06	0,39	10,98	88,24	7,24	21,04	0,73	81,74	0,76	4,7	3,9	4,8
0,9	0,27	0,01	118,7	34,31	3,25	5,21	3,25	68,47	19,54	9,75	9,94	2,82	0,29	3,2	132,83	9,19	13,66	1,85	59,24	1,23	4,7	3,9	4,8
0,61	0,3	0	159,49	47,55	2,1	2,98	2,1	43,3	16,32	8,74	11,13	2,98	0,37	5,88	77,06	7,58	14,57	1,76	25,54	1,14	4,7	3,9	4,8
0,81	0,59	0,04	123,74	41,07	2,18	3,54	2,18	45,7	13,87	5,73	7,95	2,52	0,44	10,89	71,9	5,62	17,06	1,57	63,31	1,04	4,7	3,9	4,8
1,67	0,83	0,33	160,41	41,27	4,37	5,84	4,37	59,96	24,71	12,49	17,86	4,47	0,36	7,64	84,81	9,66	22,37	2,48	6,07	2,66	4,7	3,9	4,8
0,68	0,37	0,04	102,83	32,3	3,27	5,4	3,27	59,27	17,57	8,72	8,8	2,71	0,31	6,77	78,13	7,44	12,92	3,06	70,47	0,96	4,7	3,9	4,8
1,28	0,75	0,26	158,18	47,16	1,61	2,63	1,61	57,11	11,74	11,69	22,06	5,85	0,5	9,67	75,93	11,15	18,15	1,98	40,86	1,17	4,7	3,9	4,8
0,85	0,54	0,12	106,18	35,7	3,17	5	3,17	54,23	17,78	8,19	9,27	3,06	0,37	5	69,97	7,2	13,8	2,98	85,28	1,25	4,7	3,9	4,8
0,72	0,3	0,01	131,77	37,15	2,33	3,72	2,33	41,11	11,75	4,05	6,37	1,78	0,44	7,15	57,13	8,81	13,98	1,17	80,8	0,58	4,7	3,9	4,8
1,25	0,65	0,38	101,22	31,52	3,25	4,3	2,72	23,48	17,66	9,38	15,91	3,92	0,42	35,87	51,7	8,78	20,79	1,66	27,51	2,04	4,7	3,9	4,8
1	0,68	0,36	100,95	25,95	3,34	5,02	3,34	61,88	19,16	8,76	13,6	2,97	0,36	12,13	68,99	9,64	14,12	3,33	34,82	1,27	4,7	3,9	4,8
1,19	0,86	0,2	49,18	24,65	7,99	11,68	7,73	43,01	16,36	10,49	11,2	5,79	0,55	12,62	181,4	3,95	18,4	0,994	44,41	1,93	3,5	3	4
1,37	0,79	0,36	41,51	22,05	3,63	5,87	3,67	54,11	13,24	6,82	7,92	3,92	0,57	5,29	64,98	5,48	17,18	0,356	81,03	1,28	5,3	3	4
2,63	1,61	0,88	17,08	10,61	30,37	37,12	30,43	54,39	15,3	9,33	18,29	11,71	1,25	3,87	34,29	9,03	16,83	3,84	5,21	1,36	4,7	3,9	4,8
0,99	0,06	0,04	480,06	40,29	8,51	9,74	8,46	49,67	17,1	9,65	136,51	12,77	1,32	1,61	198,94	87,99	13,52	8,62	0	1,3	4,7	3,9	4,8
0,85	0,68	0,21	81,29	19,29	3,45	3,71	3,02	94,58	12,99	7,53	11,94	2,92	0,39	0,98	5718,15	1,42	17,05	0,396	33,75	1,17	5,3	3	4
0,79	0,34	0,2	55,21	23,6	26,09	34,14	22,47	57,51	10,05	7,15	29,81	13,77	1,93	6,02	32,85	36,75	20,6	0,9	0	1,28	4,7	3,9	4,8
1,75	0,8	0,49	6,39	4,05	41,58	50,53	40,39	28,65	7,99	5,14	18,54	11,42	2,22	6,96	39,74	25,11	16,16	1,41	20,53	0,83	4,7	3,9	4,8
1,02	0,72	0,12	63,6	29,87	3,66	7,66	3,48	41	18,78	9,44	7,38	3,29	0,35	13,67	18,68	6,96	14,35	1,18	21,5	1,27	4,7	3,9	4,8
0,75	0,2	0,17	118,88	22,84	2,9	4,87	2,98	21,03	3,15	1,28	13,65	2,5	1,95	7,27	93,94	130,11	18,18	2,52	45,24	0,24	3,3	2,5	6,6
1,31	0,53	0,1	33,47	19,15	10,31	12,57	10,24	21,1	6,28	3,45	12,85	6,97	2,03	7,97	18,21	21,93	20,49	1,97	11,77	0,73	4,7	3,9	4,8
1,15	0,14	0,04	75,82	30,3	10,31	12,33	9,76	33,61	9,36	5,68	20,56	9,1	1,6	4,18	48,3	34,52	12,57	2,38	40,59	0,63	4,7	3,9	4,8
1,27	0,57	0,16	47,08	15	24,72	20,47	17,82	6,04	2,49	2,22	24,34	8,29	3,73	10,97	40,47	20,38	14,95	4,89	18,07	0,22	4,7	3,9	4,8
1,16	0,56	0,09	29,36	7,3	11,06	12,72	10,16	4,93	1,45	0,97	15,98	4,08	4,19	11,27	42,97	14,76	16,75	3,4	7,08	0,16	4,7	3,9	4,8
1,4	0,95	0,03	38,48	20,79	10,83	15,21	10,9	30,38	18,86	10,52	17,6	9,13	0,87	17,16	41,69	6,92	21,48	2,33	0	2,34	4,7	3,9	4,8
1,19	0,71	0,21	86,26	28,05	38,72	7,7	6,28	46,36	16,8	79,97	152,51	52,77	0,66	2,64	81,55	3,95	18,58	3,147	64,6	1,97	5,3	3	4
1,24	0,53	0,04	119,52	42,13	7,22	9,58	7,11	25,87	19,62	11,9	23,89	10,12	0,85	6,02	18,84	8,96	20,13	6,16	20,42	2,24	4,7	3,9	4,8
1,41	0,64	0,08	39,69	17,08	9,03	11	7,79	23,02	9,82	19,69	25,58	9,11	1,04	8,63	47,52	7,53	15,31	0,192	48,12	0,84	7,4	4,2	5,7
1,36	0,74	0,09	58,93	25,43	5,19	8,16	5,35	18,66	8,52	5,3	16,1	6,85	1,29	10,16	43,03	8,53	14,49	2,13	47,94	0,8	4,7	3,9	4,8
1,43	1,07	0,23	51,76	23,43	7,71	11,89	7,71	89,48	13,12	10,17	18,49	8,22	0,81	2,06	254,92	6,35	16,78	2,37	31,7	1,28	4,7	3,9	4,8
1,57	0,81	0,04	50,82	26,1	4,64	6,07	4,06	37,48	9,59	6,1	10,39	5,23	0,86	5,49	70,85	6,86	12,2	0,5	68,23	0,74	7,4	4,2	5,7
1,3	0,45	0,04	79,04	30,93	6,22	11,06	6,24	28,24	8,03	4,91	17,15	6,67	1,36	3,15	102,51	8,2	19,21	1,56	23,01	0,89	6,8	1,7	4,2
1,09	0,83	0,35	210,69	32,47	2,6	2,31	1,4	8,43	2,59	2,28	16,7	2,41	1,06	7,65	116,21	5,07	34,93	1,01	78,79	1,12	6,8	1,7	4,2
1,97	1,04	0,18	8,78	5,87	36,3	38,8	35,72	27,29	22,05	14,41	28,7	17,46	1,21	5,33	45,33	7,31	16,97	7,14	1,72	2,36	4,7	3,9	4,8
2,38	1,98	1,46	18,16	10,11	37,93	8,75	7,73	28,43	12,07	45,27	59,59	29,91	0,66	7,53	43,1	5,58	14,42	13,64	28,62	1,36	4,7	3,9	4,8
0,9	0,69	0,34	90,4	30,87	10,17	10,99	9,08	28,53	11,59	8,24	21,8	7,82	0,95	7,83	61,87	5,59	17,5	4,11	16,07	1,2	4,7	3,9	4,8
0,86	0,59	0,11	65,47	24,36	5,92	7,41	5,68	27,41	27,41	15,52	15,14	5,61	0,36	41,88	61,61	9,75	16,82	3,74	25,75	2,54	4,7	3,9	4,8
2	1,22	0,48	101,57	37,48	3,65	5,56	4,6	27,28	10,08	3,28	9,09	3,32	1,01	7,17	33,13	7,8	11,42	1,05	87,15	0,57	4,7	3,9	4,8
1,19	0,54	0,38	28,29	18,3	14,09	10,15	7,6	9,68	8,78	13,2	23,25	10,39	0,79	11,51	35,95	14,05	5,37	3,28	4,69	0,71	9,6	5,4	8
1,19	0,68	0,18	59,99	26,59	6,7	8,09	6,74	41,01	14,8	9,15	16,75	7,5	0,82	4,5	70,04	5,45	11,81	6,78	51,13	1,08	3,5	3	4
1,7	1	0,33	81,02	32,84	5	6,04	4,41	29,9	9,94	6,81	19,05	7,5	1,1	6,9	35,19	7,93	9,15	2,627	25,8	0,62	3,2	4,3	4
1,59	0,58	0,55	17,78	9,74	18,29	13,78	11,88	20,02	10,93	12,1	21,81	10,57	0,87	4,16	21,68	159,56	17,29	5,95	26,11	1,21	4,7	3,9	4,8
1,38	0,6	0,09	37,24	12,71	20,72	23,24	20,57	38,27	18,88	12,62	43,09	14,94	1,18	3,46	46,64	5,51	12,84	28,48	31	1,77	6	3,4	4,2
1,15	0,82	0,37	74,03	33,7	6,42	9,07	6,96	47,98	23,19	14,29	22,76	8,32	0,58	5,84	69,96	7,55	6,66	14,86	22,46	0,96	9,9	6,8	5,2
1,05	0,74	0,15	24,91	13,2	8,94	11,12	8,95	19,41	9,39	5,59	10,44	5,48	0,98	23,22	25,5	8,68	15,7	5,24	28,84	0,79	4,7	3,9	4,8
1,15	0,57	0,1	73,5	27,28	4,38	8,17	5,84	25,76	9,46	3,42	10,21	3,59	1,05	5,62	63,41	6,94	13,22	4,05	51,59	0,45	3,5	3	4
0,75	0,61	0,19	181,12	40,74	2,55	5,17	3,04	18,71	4,33	0,83	5,7	1,4	1,68	807,83	8,57	6,71	55,49	1,44	215,81	0,44	6	3,4	4,2
1,49	1,07	0,76	8,7	3,87	85,01	92,8	80,46	11,56	8,15	5,45	15,15	6,41	1,18	7,59	63,5	7,5	18,59	118,33	17,69	1,01	1	1,2	4,2
0,96	0,58	0,12	77,79	30,76	17,99	20,25	16,12	20,64	14,97	9,78	30,87	10,75	1,1	41,13	38,83	8,85	9,41	159,14	19,5	0,92	1	1,2	4,2
0,78	0,48	0,16	148,18	44,02	9,47	12,93	8,87	17,63	7,82	4,42	17,63	5,16	1,17	45,78	35,21	10,83	11,1	92,93	25,82	0,49	1	1,2	4,2
1,61	0,74	0,15	94,79	30,23	5,86	13,03	6,7	14,02	4,25	1,91	4,31	1,38	0,72	2,49	94,37	2,89	28,28	18,28	32,83	0,54	1	1,2	4,2
0,98	0,52	0,08	103,66	24,31	6,75	15,52	5,98	24,89	3,11	1,66	11,96	2,15	1,29	6,97	81,57	5,71	22,75	39,46	30,47	0,38	1	1,2	4,2
0,87	0,74	0,3	159,16	43,81	5,73	9,96	5,75	51,04	19,51	10,74	25,83	8,13	0,76	29,74	88,13	5,49	12,21	0,511	51,05	1,49	6,5	4,7	5
0,69	0,51	0,18	94,85	35,56	1,47	5,93	1,87	43,48	8,29	0,91	1,28	0,45	0,5	27,27	71,34	8,28	46,54	0,13	595,08	0,75	3,3	2,5	6,6
1,59	1,01	0,21	60,3	33,45	1,84	4,35	2,45	22,76	20,48	6,01	3,6	1,65	0,31	30,96	46,11	8,16	15,88	0,59	432,79	2,22	6,8	1,7	4,2
1,56	0,92	0,34	56,22	25,71	5,43	7,41	5,43	58,7	15,88	10,41	12,44	5,51	0,53	3,74	64,01	11,19	14,88	3,09	50,57	1,48	4,7	3,9	4,8
1,36	0,76	0,14	81,7	30,29	4,83	7,36	4,83	89,09	8,13	4,36	10,48	3,92	0,91	0,56	374,58	7,23	21,89	1,79	65,35	0,89	4,7	3,9	4,8
0,74	0,43	0,01	51,24	22,94	11,08	14,51	11,08	77,81	36,38	21,55	23,96	10,45	0,49	3,6	249,8	4,92	17,14	4,32	10,71	3,67	4,7	3,9	4,8
1,38	0,88	0,19	102,81	32,94	3,64	6,08	3,64	49,57	15,43	8,32	11,42	3,68	0,44	6,87	91,15	6,52	12,44	2,33	40,09	0,83	4,7	3,9	4,8
1,26	0,68	0,28	61,29	25,69	8,49	7,62	5,32	19,44	19,44	16,55	21,96	8,82	0,53	13,45	26,95	11,79	21,61	4,06	50,3	2,29	4,7	3,9	4,8
1,57	1,12	0,8	56,54	23,03	5	7,41	5	52,18	15,83	12,92	15,95	5,96	0,48	8,48	70,18	12,41	13,78	3,79	33,58	1,18	4,7	3,9	4,8
0,74	0,44	0,01	141,42	37,76	3,71	5,87	3,71	51,65	14,68	7,92	11,21	2,94	0,37	2,63	83,16	6,46	16,05	2,87	34,74	1,29	4,7	3,9	4,8
0,57	0,41	0,04	122,64	40,91	3,17	3,12	2,28	30,18	30,41	20,18	15,32	4,42	0,22	9,68	34,72	5,63	15,53	1,51	58,92	3,43	4,7	3,9	4,8
1,56	1,13	0,24	127,32	34,64	2,23	3,63	2,23	41,85	11,88	4,87	8,28	2,14	0,44	10,07	58,36	5,44	15,63	1,62	74,48	0,75	4,7	3,9	4,8
0,85	0,43	0,08	116,92	38,25	2,63	4,37	2,63	52,7	16,89	5,51	6,03	1,94	0,35	2,24	61,63	8,86	15,18	1,97	91,05	1,11	4,7	3,9	4,8
0,77	0,48	0,01	125,95	34,8	2,55	4,27	2,55	43,35	13,46	5,75	9,46	2,54	0,44	10,96	69,7	6,62	13,9	1,38	66,94	0,86	4,7	3,9	4,8
1,09	0,17	0,06	64,9	18,69	6,44	8,96	6,44	58,35	15,31	9,7	13,87	3,72	0,39	21,7	120,44	10,85	13,02	4,24	28,98	1,3	4,7	3,9	4,8
0,84	0,51	0,05	133,87	29,82	5,49	8,06	5,49	59,6	24,68	14,46	27,21	6,07	0,42	10,51	67,7	7,78	21,57	4,08	44,72	3,24	4,7	3,9	4,8
1,35	0,92	0,19	91,09	23,03	4,57	6,15	4,57	22,27	6,31	3,94	16,51	3,76	0,97	20,61	52,82	5,62	19,1	4,55	37,21	0,74	4,7	3,9	4,8
0,96	0,86	0,17	174,21	38,34	2,27	3,94	2,58	17,47	7,65	2,84	15,5	2,15	0,76	34,28	126,08	2,79	20,49	2,16	52,08	0,6	3,5	3	4
