0,200000 0,200000 0,200000 0,200000 0,200000 0,200000 0,200000 0,200000 0,200000 0,200000 0,200000 0,200000 0,200000 0,200000 0,200000 0,200000 0,200000 0,200000 0,200000 0,200000 0,200000 
0,200000 0,200000 0,200000 0,200000 0,200000 0,800000 0,500000 0,200000 0,800000 0,500000 0,800000 0,500000 0,500000 0,500000 0,200000 0,800000 0,200000 0,200000 0,800000 0,800000 0,500000 
0,200000 0,200000 0,200000 0,200000 0,500000 0,500000 0,800000 0,500000 0,800000 0,200000 0,500000 0,800000 0,800000 0,800000 0,500000 0,500000 0,200000 0,500000 0,500000 0,200000 0,500000 
0,200000 0,200000 0,200000 0,200000 0,800000 0,500000 0,200000 0,800000 0,500000 0,800000 0,500000 0,500000 0,500000 0,200000 0,800000 0,200000 0,200000 0,800000 0,200000 0,200000 0,800000 
0,200000 0,200000 0,200000 0,500000 0,200000 0,200000 0,800000 0,200000 0,500000 0,500000 0,200000 0,800000 0,800000 0,500000 0,800000 0,800000 0,200000 0,800000 0,800000 0,800000 0,800000 
0,200000 0,200000 0,200000 0,500000 0,500000 0,200000 0,200000 0,500000 0,500000 0,200000 0,200000 0,500000 0,500000 0,200000 0,200000 0,500000 0,500000 0,200000 0,800000 0,500000 0,800000 
0,200000 0,200000 0,200000 0,500000 0,500000 0,800000 0,500000 0,800000 0,200000 0,500000 0,800000 0,800000 0,800000 0,500000 0,500000 0,200000 0,500000 0,500000 0,800000 0,200000 0,200000 
0,200000 0,200000 0,200000 0,500000 0,800000 0,800000 0,200000 0,200000 0,200000 0,200000 0,800000 0,500000 0,200000 0,800000 0,500000 0,800000 0,500000 0,800000 0,200000 0,200000 0,200000 
0,200000 0,200000 0,200000 0,800000 0,200000 0,500000 0,500000 0,200000 0,800000 0,800000 0,500000 0,800000 0,800000 0,200000 0,800000 0,500000 0,500000 0,800000 0,500000 0,200000 0,200000 
0,200000 0,200000 0,200000 0,800000 0,500000 0,200000 0,800000 0,500000 0,800000 0,500000 0,500000 0,500000 0,200000 0,800000 0,200000 0,200000 0,800000 0,200000 0,200000 0,800000 0,800000 
0,200000 0,200000 0,200000 0,800000 0,800000 0,200000 0,200000 0,800000 0,800000 0,200000 0,200000 0,800000 0,800000 0,200000 0,200000 0,800000 0,800000 0,500000 0,200000 0,500000 0,200000 
0,200000 0,200000 0,200000 0,800000 0,800000 0,800000 0,800000 0,200000 0,500000 0,800000 0,200000 0,500000 0,200000 0,500000 0,500000 0,500000 0,800000 0,500000 0,500000 0,500000 0,500000 
0,200000 0,200000 0,500000 0,200000 0,200000 0,800000 0,200000 0,500000 0,500000 0,200000 0,800000 0,800000 0,500000 0,800000 0,800000 0,200000 0,800000 0,800000 0,500000 0,500000 0,200000 
0,200000 0,200000 0,500000 0,200000 0,500000 0,500000 0,500000 0,800000 0,200000 0,800000 0,800000 0,500000 0,200000 0,500000 0,200000 0,200000 0,200000 0,200000 0,200000 0,800000 0,200000 
0,200000 0,200000 0,500000 0,200000 0,800000 0,500000 0,200000 0,200000 0,200000 0,500000 0,500000 0,800000 0,500000 0,800000 0,200000 0,800000 0,200000 0,200000 0,800000 0,800000 0,800000 
0,200000 0,200000 0,500000 0,500000 0,200000 0,200000 0,500000 0,500000 0,200000 0,200000 0,500000 0,500000 0,200000 0,200000 0,500000 0,500000 0,200000 0,500000 0,200000 0,800000 0,500000 
0,200000 0,200000 0,500000 0,500000 0,200000 0,800000 0,800000 0,500000 0,800000 0,800000 0,200000 0,800000 0,500000 0,500000 0,800000 0,200000 0,200000 0,500000 0,500000 0,500000 0,800000 
0,200000 0,200000 0,500000 0,500000 0,500000 0,800000 0,200000 0,800000 0,800000 0,500000 0,200000 0,200000 0,800000 0,800000 0,800000 0,800000 0,200000 0,800000 0,200000 0,800000 0,500000 
0,200000 0,200000 0,500000 0,500000 0,800000 0,500000 0,800000 0,200000 0,500000 0,800000 0,800000 0,800000 0,500000 0,500000 0,200000 0,500000 0,200000 0,800000 0,800000 0,500000 0,800000 
0,200000 0,200000 0,500000 0,800000 0,200000 0,500000 0,200000 0,500000 0,500000 0,500000 0,800000 0,200000 0,800000 0,800000 0,500000 0,200000 0,500000 0,200000 0,200000 0,500000 0,200000 
0,200000 0,200000 0,500000 0,800000 0,500000 0,200000 0,500000 0,800000 0,500000 0,200000 0,500000 0,800000 0,500000 0,200000 0,500000 0,800000 0,500000 0,200000 0,500000 0,200000 0,800000 
0,200000 0,200000 0,500000 0,800000 0,800000 0,200000 0,200000 0,200000 0,200000 0,800000 0,500000 0,200000 0,800000 0,500000 0,800000 0,500000 0,500000 0,500000 0,500000 0,200000 0,800000 
0,200000 0,200000 0,500000 0,800000 0,800000 0,800000 0,500000 0,500000 0,200000 0,500000 0,200000 0,800000 0,500000 0,200000 0,200000 0,200000 0,500000 0,500000 0,800000 0,800000 0,500000 
0,200000 0,200000 0,800000 0,200000 0,200000 0,500000 0,800000 0,800000 0,200000 0,200000 0,200000 0,200000 0,800000 0,500000 0,200000 0,800000 0,500000 0,800000 0,800000 0,500000 0,800000 
0,200000 0,200000 0,800000 0,200000 0,500000 0,500000 0,200000 0,800000 0,800000 0,500000 0,800000 0,800000 0,200000 0,800000 0,500000 0,500000 0,800000 0,200000 0,200000 0,800000 0,800000 
0,200000 0,200000 0,800000 0,200000 0,800000 0,200000 0,800000 0,200000 0,800000 0,200000 0,800000 0,200000 0,800000 0,200000 0,800000 0,200000 0,800000 0,200000 0,500000 0,800000 0,500000 
0,200000 0,200000 0,800000 0,500000 0,200000 0,200000 0,200000 0,500000 0,500000 0,800000 0,500000 0,800000 0,200000 0,500000 0,800000 0,800000 0,800000 0,200000 0,800000 0,800000 0,800000 
0,200000 0,200000 0,800000 0,500000 0,200000 0,800000 0,500000 0,800000 0,500000 0,500000 0,500000 0,200000 0,800000 0,200000 0,200000 0,500000 0,800000 0,500000 0,500000 0,500000 0,500000 
0,200000 0,200000 0,800000 0,500000 0,500000 0,800000 0,200000 0,200000 0,500000 0,200000 0,200000 0,800000 0,200000 0,500000 0,500000 0,200000 0,800000 0,800000 0,500000 0,500000 0,500000 
0,200000 0,200000 0,800000 0,500000 0,800000 0,500000 0,500000 0,500000 0,200000 0,800000 0,200000 0,200000 0,500000 0,800000 0,800000 0,200000 0,200000 0,200000 0,200000 0,200000 0,800000 
0,200000 0,200000 0,800000 0,800000 0,200000 0,200000 0,800000 0,800000 0,200000 0,200000 0,800000 0,800000 0,200000 0,200000 0,800000 0,800000 0,200000 0,500000 0,200000 0,200000 0,500000 
0,200000 0,200000 0,800000 0,800000 0,500000 0,200000 0,200000 0,800000 0,800000 0,800000 0,800000 0,200000 0,500000 0,800000 0,200000 0,500000 0,200000 0,500000 0,500000 0,500000 0,800000 
0,200000 0,200000 0,800000 0,800000 0,500000 0,800000 0,800000 0,200000 0,800000 0,500000 0,500000 0,800000 0,200000 0,200000 0,500000 0,200000 0,200000 0,800000 0,500000 0,200000 0,800000 
0,200000 0,200000 0,800000 0,800000 0,800000 0,800000 0,200000 0,500000 0,800000 0,200000 0,500000 0,200000 0,500000 0,500000 0,500000 0,800000 0,200000 0,800000 0,800000 0,800000 0,800000 
0,200000 0,500000 0,200000 0,200000 0,200000 0,500000 0,500000 0,800000 0,500000 0,800000 0,200000 0,500000 0,800000 0,800000 0,800000 0,500000 0,500000 0,200000 0,500000 0,200000 0,200000 
0,200000 0,500000 0,200000 0,200000 0,500000 0,500000 0,200000 0,200000 0,500000 0,500000 0,200000 0,200000 0,500000 0,500000 0,200000 0,200000 0,500000 0,500000 0,200000 0,500000 0,200000 
0,200000 0,500000 0,200000 0,200000 0,800000 0,200000 0,500000 0,500000 0,200000 0,800000 0,800000 0,500000 0,800000 0,800000 0,200000 0,800000 0,500000 0,500000 0,800000 0,800000 0,500000 
0,200000 0,500000 0,200000 0,200000 0,800000 0,800000 0,800000 0,800000 0,200000 0,500000 0,800000 0,200000 0,500000 0,200000 0,500000 0,500000 0,500000 0,800000 0,800000 0,500000 0,200000 
0,200000 0,500000 0,200000 0,500000 0,200000 0,800000 0,500000 0,200000 0,200000 0,200000 0,500000 0,500000 0,800000 0,500000 0,800000 0,200000 0,800000 0,200000 0,500000 0,200000 0,500000 
0,200000 0,500000 0,200000 0,500000 0,500000 0,500000 0,800000 0,200000 0,800000 0,800000 0,500000 0,200000 0,200000 0,800000 0,800000 0,800000 0,800000 0,500000 0,200000 0,200000 0,800000 
0,200000 0,500000 0,200000 0,500000 0,800000 0,500000 0,200000 0,500000 0,800000 0,500000 0,200000 0,500000 0,800000 0,500000 0,200000 0,500000 0,800000 0,500000 0,500000 0,200000 0,200000 
0,200000 0,500000 0,200000 0,800000 0,200000 0,200000 0,500000 0,800000 0,800000 0,200000 0,200000 0,200000 0,200000 0,800000 0,500000 0,200000 0,800000 0,500000 0,500000 0,800000 0,800000 
0,200000 0,500000 0,200000 0,800000 0,500000 0,200000 0,200000 0,200000 0,500000 0,500000 0,800000 0,500000 0,800000 0,200000 0,500000 0,800000 0,800000 0,800000 0,200000 0,800000 0,500000 
0,200000 0,500000 0,200000 0,800000 0,500000 0,800000 0,500000 0,500000 0,500000 0,200000 0,800000 0,200000 0,200000 0,500000 0,800000 0,800000 0,200000 0,200000 0,200000 0,200000 0,800000 
0,200000 0,500000 0,200000 0,800000 0,800000 0,500000 0,800000 0,800000 0,200000 0,800000 0,500000 0,500000 0,800000 0,200000 0,200000 0,500000 0,200000 0,200000 0,500000 0,500000 0,800000 
0,200000 0,500000 0,500000 0,200000 0,200000 0,500000 0,500000 0,200000 0,200000 0,500000 0,500000 0,200000 0,200000 0,500000 0,500000 0,200000 0,200000 0,500000 0,500000 0,500000 0,200000 
0,200000 0,500000 0,500000 0,200000 0,500000 0,200000 0,800000 0,500000 0,200000 0,200000 0,200000 0,500000 0,500000 0,800000 0,500000 0,800000 0,200000 0,800000 0,200000 0,200000 0,800000 
0,200000 0,500000 0,500000 0,200000 0,800000 0,200000 0,200000 0,500000 0,800000 0,800000 0,200000 0,200000 0,200000 0,200000 0,800000 0,500000 0,500000 0,200000 0,200000 0,200000 0,500000 
0,200000 0,500000 0,500000 0,200000 0,800000 0,800000 0,500000 0,800000 0,800000 0,200000 0,800000 0,500000 0,500000 0,800000 0,200000 0,200000 0,500000 0,500000 0,200000 0,200000 0,500000 
0,200000 0,500000 0,500000 0,500000 0,200000 0,800000 0,200000 0,200000 0,500000 0,800000 0,800000 0,200000 0,200000 0,200000 0,200000 0,800000 0,500000 0,500000 0,500000 0,800000 0,800000 
0,200000 0,500000 0,500000 0,500000 0,500000 0,500000 0,500000 0,500000 0,500000 0,500000 0,500000 0,500000 0,500000 0,500000 0,500000 0,500000 0,500000 0,500000 0,800000 0,800000 0,500000 
0,200000 0,500000 0,500000 0,500000 0,800000 0,200000 0,800000 0,800000 0,500000 0,200000 0,200000 0,800000 0,800000 0,800000 0,800000 0,200000 0,500000 0,800000 0,800000 0,200000 0,200000 
0,200000 0,500000 0,500000 0,800000 0,200000 0,200000 0,500000 0,200000 0,200000 0,800000 0,200000 0,500000 0,500000 0,200000 0,800000 0,800000 0,800000 0,200000 0,200000 0,200000 0,800000 
0,200000 0,500000 0,500000 0,800000 0,200000 0,800000 0,800000 0,500000 0,200000 0,200000 0,800000 0,800000 0,800000 0,800000 0,200000 0,500000 0,800000 0,200000 0,800000 0,500000 0,200000 
0,200000 0,500000 0,500000 0,800000 0,500000 0,800000 0,200000 0,500000 0,800000 0,800000 0,800000 0,500000 0,500000 0,200000 0,500000 0,200000 0,800000 0,500000 0,500000 0,800000 0,200000 
0,200000 0,500000 0,500000 0,800000 0,800000 0,500000 0,500000 0,800000 0,800000 0,500000 0,500000 0,800000 0,800000 0,500000 0,500000 0,800000 0,800000 0,500000 0,800000 0,500000 0,800000 
0,200000 0,500000 0,800000 0,200000 0,200000 0,500000 0,200000 0,200000 0,800000 0,200000 0,500000 0,500000 0,200000 0,800000 0,800000 0,500000 0,800000 0,800000 0,200000 0,500000 0,500000 
0,200000 0,500000 0,800000 0,200000 0,500000 0,200000 0,500000 0,500000 0,500000 0,800000 0,200000 0,800000 0,800000 0,500000 0,200000 0,200000 0,800000 0,800000 0,500000 0,800000 0,500000 
0,200000 0,500000 0,800000 0,200000 0,500000 0,800000 0,800000 0,800000 0,500000 0,500000 0,200000 0,500000 0,200000 0,800000 0,500000 0,200000 0,200000 0,200000 0,200000 0,500000 0,200000 
0,200000 0,500000 0,800000 0,200000 0,800000 0,800000 0,500000 0,200000 0,200000 0,800000 0,800000 0,800000 0,800000 0,200000 0,500000 0,800000 0,200000 0,500000 0,200000 0,200000 0,200000 
0,200000 0,500000 0,800000 0,500000 0,200000 0,500000 0,800000 0,500000 0,200000 0,500000 0,800000 0,500000 0,200000 0,500000 0,800000 0,500000 0,200000 0,500000 0,500000 0,500000 0,200000 
0,200000 0,500000 0,800000 0,500000 0,500000 0,500000 0,200000 0,800000 0,200000 0,200000 0,500000 0,800000 0,800000 0,200000 0,200000 0,200000 0,200000 0,800000 0,200000 0,800000 0,500000 
0,200000 0,500000 0,800000 0,500000 0,800000 0,200000 0,500000 0,800000 0,800000 0,800000 0,500000 0,500000 0,200000 0,500000 0,200000 0,800000 0,200000 0,800000 0,800000 0,200000 0,200000 
0,200000 0,500000 0,800000 0,800000 0,200000 0,200000 0,200000 0,200000 0,800000 0,500000 0,200000 0,800000 0,500000 0,800000 0,500000 0,500000 0,500000 0,200000 0,500000 0,500000 0,200000 
0,200000 0,500000 0,800000 0,800000 0,200000 0,800000 0,500000 0,500000 0,800000 0,200000 0,200000 0,500000 0,200000 0,200000 0,800000 0,200000 0,500000 0,500000 0,200000 0,500000 0,200000 
0,200000 0,500000 0,800000 0,800000 0,500000 0,500000 0,800000 0,800000 0,500000 0,500000 0,800000 0,800000 0,500000 0,500000 0,800000 0,800000 0,500000 0,500000 0,800000 0,200000 0,800000 
0,200000 0,500000 0,800000 0,800000 0,800000 0,500000 0,500000 0,200000 0,500000 0,200000 0,800000 0,500000 0,200000 0,200000 0,200000 0,500000 0,500000 0,800000 0,500000 0,800000 0,800000 
0,200000 0,800000 0,200000 0,200000 0,200000 0,200000 0,800000 0,500000 0,200000 0,800000 0,500000 0,800000 0,500000 0,500000 0,500000 0,200000 0,800000 0,200000 0,200000 0,200000 0,200000 
0,200000 0,800000 0,200000 0,200000 0,500000 0,200000 0,200000 0,800000 0,200000 0,500000 0,500000 0,200000 0,800000 0,800000 0,500000 0,800000 0,800000 0,200000 0,800000 0,500000 0,500000 
0,200000 0,800000 0,200000 0,200000 0,500000 0,800000 0,800000 0,200000 0,200000 0,200000 0,200000 0,800000 0,500000 0,200000 0,800000 0,500000 0,800000 0,500000 0,500000 0,200000 0,800000 
0,200000 0,800000 0,200000 0,200000 0,800000 0,800000 0,200000 0,200000 0,800000 0,800000 0,200000 0,200000 0,800000 0,800000 0,200000 0,200000 0,800000 0,800000 0,200000 0,800000 0,500000 
0,200000 0,800000 0,200000 0,500000 0,200000 0,500000 0,500000 0,500000 0,800000 0,200000 0,800000 0,800000 0,500000 0,200000 0,500000 0,200000 0,200000 0,200000 0,200000 0,500000 0,800000 
0,200000 0,800000 0,200000 0,500000 0,500000 0,200000 0,800000 0,800000 0,500000 0,800000 0,800000 0,200000 0,800000 0,500000 0,500000 0,800000 0,200000 0,500000 0,200000 0,200000 0,500000 
0,200000 0,800000 0,200000 0,500000 0,800000 0,200000 0,500000 0,200000 0,500000 0,500000 0,500000 0,800000 0,200000 0,800000 0,800000 0,500000 0,200000 0,800000 0,200000 0,200000 0,200000 
0,200000 0,800000 0,200000 0,500000 0,800000 0,800000 0,800000 0,500000 0,500000 0,200000 0,500000 0,200000 0,800000 0,500000 0,200000 0,200000 0,200000 0,800000 0,500000 0,500000 0,200000 
0,200000 0,800000 0,200000 0,800000 0,200000 0,800000 0,200000 0,800000 0,200000 0,800000 0,200000 0,800000 0,200000 0,800000 0,200000 0,800000 0,200000 0,800000 0,800000 0,200000 0,800000 
0,200000 0,800000 0,200000 0,800000 0,500000 0,500000 0,800000 0,200000 0,200000 0,500000 0,200000 0,200000 0,800000 0,200000 0,500000 0,500000 0,500000 0,200000 0,200000 0,500000 0,200000 
0,200000 0,800000 0,200000 0,800000 0,800000 0,500000 0,200000 0,200000 0,800000 0,800000 0,800000 0,800000 0,200000 0,500000 0,800000 0,200000 0,500000 0,200000 0,500000 0,500000 0,800000 
0,200000 0,800000 0,500000 0,200000 0,200000 0,200000 0,500000 0,500000 0,800000 0,500000 0,800000 0,200000 0,500000 0,800000 0,800000 0,800000 0,500000 0,500000 0,200000 0,500000 0,800000 
0,200000 0,800000 0,500000 0,200000 0,200000 0,800000 0,800000 0,800000 0,800000 0,200000 0,500000 0,800000 0,200000 0,500000 0,200000 0,500000 0,500000 0,500000 0,500000 0,500000 0,500000 
0,200000 0,800000 0,500000 0,200000 0,500000 0,800000 0,500000 0,200000 0,500000 0,800000 0,500000 0,200000 0,500000 0,800000 0,500000 0,200000 0,500000 0,800000 0,200000 0,500000 0,800000 
0,200000 0,800000 0,500000 0,200000 0,800000 0,500000 0,800000 0,500000 0,500000 0,500000 0,200000 0,800000 0,200000 0,200000 0,500000 0,800000 0,500000 0,800000 0,500000 0,800000 0,800000 
0,200000 0,800000 0,500000 0,500000 0,200000 0,500000 0,200000 0,800000 0,500000 0,200000 0,200000 0,200000 0,500000 0,500000 0,800000 0,500000 0,800000 0,200000 0,200000 0,800000 0,500000 
0,200000 0,800000 0,500000 0,500000 0,500000 0,200000 0,800000 0,200000 0,200000 0,500000 0,800000 0,800000 0,200000 0,200000 0,200000 0,200000 0,800000 0,500000 0,200000 0,800000 0,500000 
0,200000 0,800000 0,500000 0,500000 0,800000 0,200000 0,200000 0,500000 0,200000 0,200000 0,800000 0,200000 0,500000 0,500000 0,200000 0,800000 0,800000 0,500000 0,800000 0,800000 0,200000 
0,200000 0,800000 0,500000 0,500000 0,800000 0,800000 0,500000 0,500000 0,800000 0,800000 0,500000 0,500000 0,800000 0,800000 0,500000 0,500000 0,800000 0,800000 0,500000 0,200000 0,800000 
0,200000 0,800000 0,500000 0,800000 0,200000 0,500000 0,800000 0,800000 0,800000 0,500000 0,500000 0,200000 0,500000 0,200000 0,800000 0,500000 0,200000 0,200000 0,200000 0,500000 0,800000 
0,200000 0,800000 0,500000 0,800000 0,500000 0,500000 0,500000 0,200000 0,800000 0,200000 0,200000 0,500000 0,800000 0,800000 0,200000 0,200000 0,200000 0,200000 0,500000 0,800000 0,200000 
0,200000 0,800000 0,500000 0,800000 0,800000 0,200000 0,800000 0,500000 0,500000 0,800000 0,200000 0,200000 0,500000 0,200000 0,200000 0,800000 0,200000 0,500000 0,200000 0,500000 0,200000 
0,200000 0,800000 0,800000 0,200000 0,200000 0,200000 0,200000 0,800000 0,500000 0,200000 0,800000 0,500000 0,800000 0,500000 0,500000 0,500000 0,200000 0,800000 0,200000 0,200000 0,500000 
0,200000 0,800000 0,800000 0,200000 0,200000 0,800000 0,800000 0,200000 0,200000 0,800000 0,800000 0,200000 0,200000 0,800000 0,800000 0,200000 0,200000 0,800000 0,500000 0,200000 0,500000 
0,200000 0,800000 0,800000 0,200000 0,500000 0,800000 0,200000 0,500000 0,200000 0,500000 0,500000 0,500000 0,800000 0,200000 0,800000 0,800000 0,200000 0,800000 0,800000 0,500000 0,200000 
0,200000 0,800000 0,800000 0,200000 0,800000 0,500000 0,500000 0,800000 0,200000 0,200000 0,500000 0,200000 0,200000 0,800000 0,200000 0,500000 0,500000 0,200000 0,500000 0,800000 0,800000 
0,200000 0,800000 0,800000 0,500000 0,200000 0,200000 0,800000 0,800000 0,800000 0,800000 0,200000 0,500000 0,800000 0,200000 0,500000 0,200000 0,500000 0,500000 0,500000 0,500000 0,200000 
0,200000 0,800000 0,800000 0,500000 0,500000 0,200000 0,500000 0,200000 0,800000 0,500000 0,200000 0,200000 0,200000 0,500000 0,500000 0,800000 0,500000 0,800000 0,200000 0,200000 0,200000 
0,200000 0,800000 0,800000 0,500000 0,500000 0,800000 0,800000 0,500000 0,500000 0,800000 0,800000 0,500000 0,500000 0,800000 0,800000 0,500000 0,500000 0,800000 0,800000 0,200000 0,800000 
0,200000 0,800000 0,800000 0,500000 0,800000 0,800000 0,200000 0,800000 0,500000 0,500000 0,800000 0,200000 0,200000 0,500000 0,200000 0,200000 0,800000 0,200000 0,500000 0,800000 0,200000 
0,200000 0,800000 0,800000 0,800000 0,200000 0,500000 0,800000 0,200000 0,500000 0,200000 0,500000 0,500000 0,500000 0,800000 0,200000 0,800000 0,800000 0,200000 0,800000 0,500000 0,800000 
0,200000 0,800000 0,800000 0,800000 0,500000 0,500000 0,200000 0,500000 0,200000 0,800000 0,500000 0,200000 0,200000 0,200000 0,500000 0,500000 0,800000 0,500000 0,500000 0,500000 0,800000 
0,200000 0,800000 0,800000 0,800000 0,800000 0,200000 0,500000 0,800000 0,200000 0,500000 0,200000 0,500000 0,500000 0,500000 0,800000 0,200000 0,800000 0,800000 0,200000 0,200000 0,800000 
0,200000 0,800000 0,800000 0,800000 0,800000 0,800000 0,800000 0,800000 0,800000 0,800000 0,800000 0,800000 0,800000 0,800000 0,800000 0,800000 0,800000 0,800000 0,800000 0,200000 0,200000 
0,500000 0,200000 0,200000 0,200000 0,200000 0,800000 0,500000 0,200000 0,800000 0,500000 0,800000 0,500000 0,500000 0,500000 0,200000 0,800000 0,200000 0,200000 0,800000 0,200000 0,200000 
0,500000 0,200000 0,200000 0,200000 0,500000 0,500000 0,800000 0,500000 0,800000 0,200000 0,500000 0,800000 0,800000 0,800000 0,500000 0,500000 0,200000 0,500000 0,500000 0,800000 0,200000 
0,500000 0,200000 0,200000 0,200000 0,800000 0,500000 0,200000 0,800000 0,500000 0,800000 0,500000 0,500000 0,500000 0,200000 0,800000 0,200000 0,200000 0,800000 0,200000 0,200000 0,200000 
0,500000 0,200000 0,200000 0,500000 0,200000 0,200000 0,800000 0,200000 0,500000 0,500000 0,200000 0,800000 0,800000 0,500000 0,800000 0,800000 0,200000 0,800000 0,500000 0,500000 0,200000 
0,500000 0,200000 0,200000 0,500000 0,500000 0,200000 0,200000 0,500000 0,500000 0,200000 0,200000 0,500000 0,500000 0,200000 0,200000 0,500000 0,500000 0,200000 0,500000 0,500000 0,200000 
0,500000 0,200000 0,200000 0,500000 0,500000 0,800000 0,500000 0,800000 0,200000 0,500000 0,800000 0,800000 0,800000 0,500000 0,500000 0,200000 0,500000 0,200000 0,800000 0,800000 0,800000 
0,500000 0,200000 0,200000 0,500000 0,800000 0,800000 0,200000 0,200000 0,200000 0,200000 0,800000 0,500000 0,200000 0,800000 0,500000 0,800000 0,500000 0,500000 0,500000 0,800000 0,800000 
0,500000 0,200000 0,200000 0,800000 0,200000 0,500000 0,500000 0,200000 0,800000 0,800000 0,500000 0,800000 0,800000 0,200000 0,800000 0,500000 0,500000 0,800000 0,200000 0,800000 0,200000 
0,500000 0,200000 0,200000 0,800000 0,500000 0,200000 0,800000 0,500000 0,800000 0,500000 0,500000 0,500000 0,200000 0,800000 0,200000 0,200000 0,500000 0,800000 0,500000 0,800000 0,500000 
0,500000 0,200000 0,200000 0,800000 0,800000 0,200000 0,200000 0,800000 0,800000 0,200000 0,200000 0,800000 0,800000 0,200000 0,200000 0,800000 0,800000 0,200000 0,500000 0,800000 0,200000 
0,500000 0,200000 0,200000 0,800000 0,800000 0,800000 0,800000 0,200000 0,500000 0,800000 0,200000 0,500000 0,200000 0,500000 0,500000 0,500000 0,800000 0,500000 0,200000 0,200000 0,800000 
0,500000 0,200000 0,500000 0,200000 0,200000 0,800000 0,200000 0,500000 0,500000 0,200000 0,800000 0,800000 0,500000 0,800000 0,800000 0,200000 0,800000 0,500000 0,500000 0,500000 0,200000 
0,500000 0,200000 0,500000 0,200000 0,500000 0,500000 0,500000 0,800000 0,200000 0,800000 0,800000 0,500000 0,200000 0,200000 0,800000 0,800000 0,800000 0,500000 0,800000 0,800000 0,500000 
0,500000 0,200000 0,500000 0,200000 0,800000 0,500000 0,200000 0,200000 0,200000 0,500000 0,500000 0,800000 0,500000 0,800000 0,200000 0,500000 0,800000 0,800000 0,800000 0,200000 0,500000 
0,500000 0,200000 0,500000 0,500000 0,200000 0,200000 0,500000 0,500000 0,200000 0,200000 0,500000 0,500000 0,200000 0,200000 0,500000 0,500000 0,200000 0,200000 0,200000 0,800000 0,800000 
0,500000 0,200000 0,500000 0,500000 0,200000 0,800000 0,800000 0,500000 0,800000 0,800000 0,200000 0,800000 0,500000 0,500000 0,800000 0,200000 0,200000 0,200000 0,800000 0,800000 0,200000 
0,500000 0,200000 0,500000 0,500000 0,500000 0,800000 0,200000 0,800000 0,800000 0,500000 0,200000 0,200000 0,800000 0,800000 0,800000 0,800000 0,200000 0,500000 0,200000 0,800000 0,800000 
0,500000 0,200000 0,500000 0,500000 0,800000 0,500000 0,800000 0,200000 0,500000 0,800000 0,800000 0,800000 0,500000 0,500000 0,200000 0,500000 0,200000 0,800000 0,200000 0,500000 0,500000 
0,500000 0,200000 0,500000 0,800000 0,200000 0,500000 0,200000 0,500000 0,500000 0,500000 0,800000 0,200000 0,800000 0,800000 0,500000 0,200000 0,200000 0,800000 0,800000 0,200000 0,800000 
0,500000 0,200000 0,500000 0,800000 0,500000 0,200000 0,500000 0,800000 0,500000 0,200000 0,500000 0,800000 0,500000 0,200000 0,500000 0,800000 0,500000 0,200000 0,500000 0,500000 0,500000 
0,500000 0,200000 0,500000 0,800000 0,800000 0,200000 0,200000 0,200000 0,200000 0,800000 0,500000 0,200000 0,800000 0,500000 0,800000 0,500000 0,500000 0,200000 0,800000 0,500000 0,500000 
0,500000 0,200000 0,500000 0,800000 0,800000 0,800000 0,500000 0,500000 0,200000 0,500000 0,200000 0,800000 0,500000 0,200000 0,200000 0,200000 0,500000 0,500000 0,500000 0,200000 0,200000 
0,500000 0,200000 0,800000 0,200000 0,200000 0,500000 0,800000 0,800000 0,200000 0,200000 0,200000 0,200000 0,800000 0,500000 0,200000 0,800000 0,500000 0,500000 0,800000 0,200000 0,500000 
0,500000 0,200000 0,800000 0,200000 0,500000 0,500000 0,200000 0,800000 0,800000 0,500000 0,800000 0,800000 0,200000 0,800000 0,500000 0,500000 0,500000 0,800000 0,500000 0,800000 0,200000 
0,500000 0,200000 0,800000 0,200000 0,800000 0,200000 0,800000 0,200000 0,800000 0,200000 0,800000 0,200000 0,800000 0,200000 0,800000 0,200000 0,800000 0,200000 0,200000 0,200000 0,200000 
0,500000 0,200000 0,800000 0,500000 0,200000 0,200000 0,200000 0,500000 0,500000 0,800000 0,500000 0,800000 0,200000 0,500000 0,800000 0,800000 0,800000 0,200000 0,200000 0,800000 0,500000 
0,500000 0,200000 0,800000 0,500000 0,200000 0,800000 0,500000 0,800000 0,500000 0,500000 0,500000 0,200000 0,800000 0,200000 0,200000 0,500000 0,800000 0,200000 0,800000 0,200000 0,500000 
0,500000 0,200000 0,800000 0,500000 0,500000 0,800000 0,200000 0,200000 0,500000 0,200000 0,200000 0,800000 0,200000 0,500000 0,500000 0,200000 0,800000 0,500000 0,500000 0,500000 0,200000 
0,500000 0,200000 0,800000 0,500000 0,800000 0,500000 0,500000 0,500000 0,200000 0,800000 0,200000 0,200000 0,500000 0,800000 0,500000 0,800000 0,800000 0,800000 0,500000 0,200000 0,500000 
0,500000 0,200000 0,800000 0,800000 0,200000 0,200000 0,800000 0,800000 0,200000 0,200000 0,800000 0,800000 0,200000 0,200000 0,800000 0,500000 0,800000 0,800000 0,800000 0,800000 0,500000 
0,500000 0,200000 0,800000 0,800000 0,500000 0,200000 0,200000 0,800000 0,800000 0,800000 0,800000 0,200000 0,500000 0,800000 0,200000 0,500000 0,200000 0,200000 0,800000 0,500000 0,800000 
0,500000 0,200000 0,800000 0,800000 0,500000 0,800000 0,800000 0,200000 0,800000 0,500000 0,500000 0,800000 0,200000 0,200000 0,500000 0,200000 0,200000 0,500000 0,200000 0,500000 0,500000 
0,500000 0,200000 0,800000 0,800000 0,800000 0,800000 0,200000 0,500000 0,800000 0,200000 0,500000 0,200000 0,500000 0,500000 0,500000 0,800000 0,200000 0,800000 0,200000 0,500000 0,200000 
0,500000 0,500000 0,200000 0,200000 0,200000 0,500000 0,500000 0,800000 0,500000 0,800000 0,200000 0,500000 0,800000 0,800000 0,800000 0,500000 0,200000 0,800000 0,500000 0,200000 0,800000 
0,500000 0,500000 0,200000 0,200000 0,500000 0,500000 0,200000 0,200000 0,500000 0,500000 0,200000 0,200000 0,500000 0,500000 0,200000 0,200000 0,500000 0,200000 0,200000 0,800000 0,800000 
0,500000 0,500000 0,200000 0,200000 0,800000 0,200000 0,500000 0,500000 0,200000 0,800000 0,800000 0,500000 0,800000 0,800000 0,200000 0,800000 0,500000 0,200000 0,500000 0,800000 0,500000 
0,500000 0,500000 0,200000 0,200000 0,800000 0,800000 0,800000 0,800000 0,200000 0,500000 0,800000 0,200000 0,500000 0,200000 0,500000 0,500000 0,500000 0,500000 0,500000 0,800000 0,200000 
0,500000 0,500000 0,200000 0,500000 0,200000 0,800000 0,500000 0,200000 0,200000 0,200000 0,500000 0,500000 0,800000 0,500000 0,800000 0,200000 0,500000 0,500000 0,800000 0,800000 0,200000 
0,500000 0,500000 0,200000 0,500000 0,500000 0,500000 0,800000 0,200000 0,800000 0,800000 0,500000 0,200000 0,200000 0,800000 0,800000 0,800000 0,500000 0,800000 0,200000 0,500000 0,800000 
0,500000 0,500000 0,200000 0,500000 0,800000 0,500000 0,200000 0,500000 0,800000 0,500000 0,200000 0,500000 0,800000 0,500000 0,200000 0,500000 0,800000 0,200000 0,200000 0,200000 0,200000 
0,500000 0,500000 0,200000 0,800000 0,200000 0,200000 0,500000 0,800000 0,800000 0,200000 0,200000 0,200000 0,200000 0,800000 0,500000 0,200000 0,800000 0,200000 0,800000 0,200000 0,800000 
0,500000 0,500000 0,200000 0,800000 0,500000 0,200000 0,200000 0,200000 0,500000 0,500000 0,800000 0,500000 0,800000 0,200000 0,500000 0,800000 0,800000 0,500000 0,200000 0,800000 0,200000 
0,500000 0,500000 0,200000 0,800000 0,500000 0,800000 0,500000 0,500000 0,500000 0,200000 0,800000 0,200000 0,200000 0,500000 0,800000 0,500000 0,800000 0,800000 0,200000 0,500000 0,500000 
0,500000 0,500000 0,200000 0,800000 0,800000 0,500000 0,800000 0,800000 0,200000 0,800000 0,500000 0,500000 0,800000 0,200000 0,200000 0,200000 0,800000 0,800000 0,800000 0,500000 0,500000 
0,500000 0,500000 0,500000 0,200000 0,200000 0,500000 0,500000 0,200000 0,200000 0,500000 0,500000 0,200000 0,200000 0,500000 0,500000 0,200000 0,200000 0,200000 0,200000 0,500000 0,200000 
0,500000 0,500000 0,500000 0,200000 0,500000 0,200000 0,800000 0,500000 0,200000 0,200000 0,200000 0,500000 0,500000 0,800000 0,500000 0,800000 0,200000 0,200000 0,800000 0,800000 0,800000 
0,500000 0,500000 0,500000 0,200000 0,800000 0,200000 0,200000 0,500000 0,800000 0,800000 0,200000 0,200000 0,200000 0,200000 0,800000 0,500000 0,200000 0,500000 0,800000 0,500000 0,500000 
0,500000 0,500000 0,500000 0,200000 0,800000 0,800000 0,500000 0,800000 0,800000 0,200000 0,800000 0,500000 0,500000 0,800000 0,200000 0,200000 0,200000 0,800000 0,500000 0,500000 0,200000 
0,500000 0,500000 0,500000 0,500000 0,200000 0,800000 0,200000 0,200000 0,500000 0,800000 0,800000 0,200000 0,200000 0,200000 0,200000 0,800000 0,500000 0,200000 0,500000 0,200000 0,500000 
0,500000 0,500000 0,500000 0,500000 0,500000 0,500000 0,500000 0,500000 0,500000 0,500000 0,500000 0,500000 0,500000 0,500000 0,500000 0,500000 0,500000 0,500000 0,500000 0,200000 0,200000 
0,500000 0,500000 0,500000 0,500000 0,800000 0,200000 0,800000 0,800000 0,500000 0,200000 0,200000 0,800000 0,800000 0,800000 0,800000 0,200000 0,500000 0,500000 0,800000 0,200000 0,500000 
0,500000 0,500000 0,500000 0,800000 0,200000 0,200000 0,500000 0,200000 0,200000 0,800000 0,200000 0,500000 0,500000 0,200000 0,800000 0,800000 0,500000 0,800000 0,200000 0,800000 0,200000 
0,500000 0,500000 0,500000 0,800000 0,200000 0,800000 0,800000 0,500000 0,200000 0,200000 0,800000 0,800000 0,800000 0,800000 0,200000 0,500000 0,500000 0,800000 0,800000 0,800000 0,200000 
0,500000 0,500000 0,500000 0,800000 0,500000 0,800000 0,200000 0,500000 0,800000 0,800000 0,800000 0,500000 0,500000 0,200000 0,500000 0,200000 0,800000 0,200000 0,500000 0,200000 0,800000 
0,500000 0,500000 0,500000 0,800000 0,800000 0,500000 0,500000 0,800000 0,800000 0,500000 0,500000 0,800000 0,800000 0,500000 0,500000 0,800000 0,800000 0,200000 0,800000 0,500000 0,800000 
0,500000 0,500000 0,800000 0,200000 0,200000 0,500000 0,200000 0,200000 0,800000 0,200000 0,500000 0,500000 0,200000 0,800000 0,800000 0,500000 0,800000 0,500000 0,200000 0,500000 0,800000 
0,500000 0,500000 0,800000 0,200000 0,500000 0,200000 0,500000 0,500000 0,500000 0,800000 0,200000 0,800000 0,800000 0,500000 0,200000 0,200000 0,800000 0,800000 0,200000 0,200000 0,800000 
0,500000 0,500000 0,800000 0,200000 0,500000 0,800000 0,800000 0,800000 0,500000 0,500000 0,200000 0,500000 0,200000 0,800000 0,200000 0,800000 0,800000 0,800000 0,800000 0,800000 0,500000 
0,500000 0,500000 0,800000 0,200000 0,800000 0,800000 0,500000 0,200000 0,200000 0,800000 0,800000 0,800000 0,800000 0,200000 0,500000 0,800000 0,200000 0,200000 0,800000 0,200000 0,800000 
0,500000 0,500000 0,800000 0,500000 0,200000 0,500000 0,800000 0,500000 0,200000 0,500000 0,800000 0,500000 0,200000 0,500000 0,800000 0,500000 0,200000 0,500000 0,500000 0,800000 0,800000 
0,500000 0,500000 0,800000 0,500000 0,500000 0,500000 0,200000 0,800000 0,200000 0,200000 0,500000 0,800000 0,800000 0,200000 0,200000 0,200000 0,200000 0,800000 0,200000 0,200000 0,200000 
0,500000 0,500000 0,800000 0,500000 0,800000 0,200000 0,500000 0,800000 0,800000 0,800000 0,500000 0,500000 0,200000 0,500000 0,200000 0,800000 0,200000 0,800000 0,500000 0,800000 0,200000 
0,500000 0,500000 0,800000 0,800000 0,200000 0,200000 0,200000 0,200000 0,800000 0,500000 0,200000 0,800000 0,500000 0,800000 0,500000 0,500000 0,500000 0,200000 0,200000 0,200000 0,800000 
0,500000 0,500000 0,800000 0,800000 0,200000 0,800000 0,500000 0,500000 0,800000 0,200000 0,200000 0,500000 0,200000 0,200000 0,800000 0,200000 0,500000 0,200000 0,500000 0,200000 0,500000 
0,500000 0,500000 0,800000 0,800000 0,500000 0,500000 0,800000 0,800000 0,500000 0,500000 0,800000 0,800000 0,500000 0,500000 0,800000 0,800000 0,500000 0,500000 0,200000 0,500000 0,800000 
0,500000 0,500000 0,800000 0,800000 0,800000 0,500000 0,500000 0,200000 0,500000 0,200000 0,800000 0,500000 0,200000 0,200000 0,200000 0,500000 0,500000 0,500000 0,800000 0,200000 0,500000 
0,500000 0,800000 0,200000 0,200000 0,200000 0,200000 0,800000 0,500000 0,200000 0,800000 0,500000 0,800000 0,500000 0,500000 0,500000 0,200000 0,500000 0,800000 0,200000 0,200000 0,200000 
0,500000 0,800000 0,200000 0,200000 0,500000 0,200000 0,200000 0,800000 0,200000 0,500000 0,500000 0,200000 0,800000 0,800000 0,500000 0,800000 0,500000 0,800000 0,800000 0,200000 0,500000 
0,500000 0,800000 0,200000 0,200000 0,500000 0,800000 0,800000 0,200000 0,200000 0,200000 0,200000 0,800000 0,500000 0,200000 0,800000 0,500000 0,800000 0,200000 0,200000 0,800000 0,500000 
0,500000 0,800000 0,200000 0,200000 0,800000 0,800000 0,200000 0,200000 0,800000 0,800000 0,200000 0,200000 0,800000 0,800000 0,200000 0,200000 0,800000 0,200000 0,800000 0,800000 0,200000 
0,500000 0,800000 0,200000 0,500000 0,200000 0,500000 0,500000 0,500000 0,800000 0,200000 0,800000 0,800000 0,500000 0,200000 0,200000 0,800000 0,800000 0,500000 0,800000 0,500000 0,500000 
0,500000 0,800000 0,200000 0,500000 0,500000 0,200000 0,800000 0,800000 0,500000 0,800000 0,800000 0,200000 0,800000 0,500000 0,500000 0,500000 0,800000 0,800000 0,200000 0,800000 0,500000 
0,500000 0,800000 0,200000 0,500000 0,800000 0,200000 0,500000 0,200000 0,500000 0,500000 0,500000 0,800000 0,200000 0,800000 0,800000 0,500000 0,200000 0,200000 0,200000 0,800000 0,200000 
0,500000 0,800000 0,200000 0,500000 0,800000 0,800000 0,800000 0,500000 0,500000 0,200000 0,500000 0,200000 0,800000 0,500000 0,200000 0,200000 0,200000 0,500000 0,200000 0,200000 0,800000 
0,500000 0,800000 0,200000 0,800000 0,200000 0,800000 0,200000 0,800000 0,200000 0,800000 0,200000 0,800000 0,200000 0,800000 0,200000 0,800000 0,200000 0,500000 0,800000 0,200000 0,200000 
0,500000 0,800000 0,200000 0,800000 0,500000 0,500000 0,800000 0,200000 0,200000 0,500000 0,200000 0,200000 0,800000 0,200000 0,500000 0,500000 0,200000 0,800000 0,500000 0,200000 0,200000 
0,500000 0,800000 0,200000 0,800000 0,800000 0,500000 0,200000 0,200000 0,800000 0,800000 0,800000 0,800000 0,200000 0,500000 0,800000 0,200000 0,500000 0,200000 0,200000 0,200000 0,500000 
0,500000 0,800000 0,500000 0,200000 0,200000 0,200000 0,500000 0,500000 0,800000 0,500000 0,800000 0,200000 0,500000 0,800000 0,800000 0,800000 0,500000 0,200000 0,500000 0,500000 0,800000 
0,500000 0,800000 0,500000 0,200000 0,200000 0,800000 0,800000 0,800000 0,800000 0,200000 0,500000 0,800000 0,200000 0,500000 0,200000 0,500000 0,500000 0,500000 0,200000 0,500000 0,200000 
0,500000 0,800000 0,500000 0,200000 0,500000 0,800000 0,500000 0,200000 0,500000 0,800000 0,500000 0,200000 0,500000 0,800000 0,500000 0,200000 0,500000 0,500000 0,800000 0,200000 0,800000 
0,500000 0,800000 0,500000 0,200000 0,800000 0,500000 0,800000 0,500000 0,500000 0,500000 0,200000 0,800000 0,200000 0,200000 0,500000 0,800000 0,500000 0,800000 0,500000 0,500000 0,800000 
0,500000 0,800000 0,500000 0,500000 0,200000 0,500000 0,200000 0,800000 0,500000 0,200000 0,200000 0,200000 0,500000 0,500000 0,800000 0,500000 0,800000 0,200000 0,500000 0,200000 0,800000 
0,500000 0,800000 0,500000 0,500000 0,500000 0,200000 0,800000 0,200000 0,200000 0,500000 0,800000 0,800000 0,200000 0,200000 0,200000 0,200000 0,800000 0,200000 0,800000 0,500000 0,500000 
0,500000 0,800000 0,500000 0,500000 0,800000 0,200000 0,200000 0,500000 0,200000 0,200000 0,800000 0,200000 0,500000 0,500000 0,200000 0,800000 0,800000 0,500000 0,800000 0,500000 0,200000 
0,500000 0,800000 0,500000 0,500000 0,800000 0,800000 0,500000 0,500000 0,800000 0,800000 0,500000 0,500000 0,800000 0,800000 0,500000 0,500000 0,800000 0,800000 0,500000 0,500000 0,800000 
0,500000 0,800000 0,500000 0,800000 0,200000 0,500000 0,800000 0,800000 0,800000 0,500000 0,500000 0,200000 0,500000 0,200000 0,800000 0,500000 0,200000 0,200000 0,500000 0,200000 0,500000 
0,500000 0,800000 0,500000 0,800000 0,500000 0,500000 0,500000 0,200000 0,800000 0,200000 0,200000 0,500000 0,800000 0,800000 0,200000 0,200000 0,200000 0,200000 0,800000 0,800000 0,500000 
0,500000 0,800000 0,500000 0,800000 0,800000 0,200000 0,800000 0,500000 0,500000 0,800000 0,200000 0,200000 0,500000 0,200000 0,200000 0,800000 0,200000 0,500000 0,800000 0,500000 0,200000 
0,500000 0,800000 0,800000 0,200000 0,200000 0,200000 0,200000 0,800000 0,500000 0,200000 0,800000 0,500000 0,800000 0,500000 0,500000 0,500000 0,200000 0,800000 0,500000 0,500000 0,500000 
0,500000 0,800000 0,800000 0,200000 0,200000 0,800000 0,800000 0,200000 0,200000 0,800000 0,800000 0,200000 0,200000 0,800000 0,800000 0,200000 0,500000 0,200000 0,200000 0,500000 0,200000 
0,500000 0,800000 0,800000 0,200000 0,500000 0,800000 0,200000 0,500000 0,200000 0,500000 0,500000 0,500000 0,800000 0,200000 0,800000 0,800000 0,500000 0,200000 0,500000 0,200000 0,500000 
0,500000 0,800000 0,800000 0,200000 0,800000 0,500000 0,500000 0,800000 0,200000 0,200000 0,500000 0,200000 0,200000 0,800000 0,200000 0,500000 0,500000 0,500000 0,200000 0,500000 0,500000 
0,500000 0,800000 0,800000 0,500000 0,200000 0,200000 0,800000 0,800000 0,800000 0,800000 0,200000 0,500000 0,800000 0,200000 0,500000 0,200000 0,500000 0,500000 0,500000 0,500000 0,500000 
0,500000 0,800000 0,800000 0,500000 0,500000 0,200000 0,500000 0,200000 0,800000 0,500000 0,200000 0,200000 0,200000 0,500000 0,500000 0,800000 0,500000 0,800000 0,200000 0,200000 0,200000 
0,500000 0,800000 0,800000 0,500000 0,500000 0,800000 0,800000 0,500000 0,500000 0,800000 0,800000 0,500000 0,500000 0,800000 0,800000 0,500000 0,500000 0,800000 0,800000 0,800000 0,200000 
0,500000 0,800000 0,800000 0,500000 0,800000 0,800000 0,200000 0,800000 0,500000 0,500000 0,800000 0,200000 0,200000 0,500000 0,200000 0,200000 0,800000 0,200000 0,800000 0,200000 0,500000 
0,500000 0,800000 0,800000 0,800000 0,200000 0,500000 0,800000 0,200000 0,500000 0,200000 0,500000 0,500000 0,500000 0,800000 0,200000 0,800000 0,800000 0,500000 0,200000 0,500000 0,500000 
0,500000 0,800000 0,800000 0,800000 0,500000 0,500000 0,200000 0,500000 0,200000 0,800000 0,500000 0,200000 0,200000 0,200000 0,500000 0,500000 0,800000 0,800000 0,200000 0,200000 0,500000 
0,500000 0,800000 0,800000 0,800000 0,800000 0,200000 0,500000 0,800000 0,200000 0,500000 0,200000 0,500000 0,500000 0,500000 0,800000 0,200000 0,800000 0,800000 0,500000 0,500000 0,200000 
0,500000 0,800000 0,800000 0,800000 0,800000 0,800000 0,800000 0,800000 0,800000 0,800000 0,800000 0,800000 0,800000 0,800000 0,800000 0,800000 0,800000 0,800000 0,800000 0,800000 0,800000 
0,800000 0,200000 0,200000 0,200000 0,200000 0,800000 0,500000 0,200000 0,800000 0,500000 0,800000 0,500000 0,500000 0,500000 0,200000 0,800000 0,200000 0,200000 0,800000 0,200000 0,200000 
0,800000 0,200000 0,200000 0,200000 0,500000 0,500000 0,800000 0,500000 0,800000 0,200000 0,500000 0,800000 0,800000 0,800000 0,500000 0,500000 0,200000 0,500000 0,200000 0,800000 0,800000 
0,800000 0,200000 0,200000 0,200000 0,800000 0,500000 0,200000 0,800000 0,500000 0,800000 0,500000 0,500000 0,500000 0,200000 0,800000 0,200000 0,200000 0,500000 0,800000 0,500000 0,200000 
0,800000 0,200000 0,200000 0,500000 0,200000 0,200000 0,800000 0,200000 0,500000 0,500000 0,200000 0,800000 0,800000 0,500000 0,800000 0,800000 0,200000 0,800000 0,200000 0,500000 0,800000 
0,800000 0,200000 0,200000 0,500000 0,500000 0,200000 0,200000 0,500000 0,500000 0,200000 0,200000 0,500000 0,500000 0,200000 0,200000 0,500000 0,500000 0,200000 0,200000 0,500000 0,800000 
0,800000 0,200000 0,200000 0,500000 0,500000 0,800000 0,500000 0,800000 0,200000 0,500000 0,800000 0,800000 0,800000 0,500000 0,500000 0,200000 0,500000 0,500000 0,200000 0,500000 0,500000 
0,800000 0,200000 0,200000 0,500000 0,800000 0,800000 0,200000 0,200000 0,200000 0,200000 0,800000 0,500000 0,200000 0,800000 0,500000 0,800000 0,500000 0,800000 0,200000 0,500000 0,200000 
0,800000 0,200000 0,200000 0,800000 0,200000 0,500000 0,500000 0,200000 0,800000 0,800000 0,500000 0,800000 0,800000 0,200000 0,800000 0,500000 0,800000 0,200000 0,200000 0,200000 0,500000 
0,800000 0,200000 0,200000 0,800000 0,500000 0,200000 0,800000 0,500000 0,800000 0,500000 0,500000 0,500000 0,200000 0,800000 0,200000 0,200000 0,800000 0,500000 0,200000 0,200000 0,200000 
0,800000 0,200000 0,200000 0,800000 0,800000 0,200000 0,200000 0,800000 0,800000 0,200000 0,200000 0,800000 0,800000 0,200000 0,200000 0,800000 0,800000 0,500000 0,500000 0,500000 0,500000 
0,800000 0,200000 0,200000 0,800000 0,800000 0,800000 0,800000 0,200000 0,500000 0,800000 0,200000 0,500000 0,200000 0,500000 0,500000 0,500000 0,800000 0,800000 0,200000 0,800000 0,800000 
0,800000 0,200000 0,500000 0,200000 0,200000 0,800000 0,200000 0,500000 0,500000 0,200000 0,800000 0,800000 0,500000 0,800000 0,800000 0,500000 0,200000 0,200000 0,200000 0,200000 0,800000 
0,800000 0,200000 0,500000 0,200000 0,500000 0,500000 0,500000 0,800000 0,200000 0,800000 0,800000 0,500000 0,200000 0,500000 0,200000 0,200000 0,200000 0,200000 0,800000 0,800000 0,500000 
0,800000 0,200000 0,500000 0,200000 0,800000 0,500000 0,200000 0,200000 0,200000 0,500000 0,500000 0,800000 0,500000 0,800000 0,200000 0,800000 0,200000 0,500000 0,800000 0,200000 0,200000 
0,800000 0,200000 0,500000 0,500000 0,200000 0,200000 0,500000 0,500000 0,200000 0,200000 0,500000 0,500000 0,200000 0,200000 0,500000 0,500000 0,200000 0,800000 0,500000 0,200000 0,800000 
0,800000 0,200000 0,500000 0,500000 0,200000 0,800000 0,800000 0,500000 0,800000 0,800000 0,200000 0,800000 0,500000 0,500000 0,800000 0,200000 0,500000 0,200000 0,200000 0,500000 0,500000 
0,800000 0,200000 0,500000 0,500000 0,500000 0,800000 0,200000 0,800000 0,800000 0,500000 0,200000 0,200000 0,800000 0,800000 0,800000 0,800000 0,500000 0,200000 0,500000 0,500000 0,500000 
0,800000 0,200000 0,500000 0,500000 0,800000 0,500000 0,800000 0,200000 0,500000 0,800000 0,800000 0,800000 0,500000 0,500000 0,200000 0,500000 0,500000 0,500000 0,500000 0,200000 0,500000 
0,800000 0,200000 0,500000 0,800000 0,200000 0,500000 0,200000 0,500000 0,500000 0,500000 0,800000 0,200000 0,800000 0,800000 0,500000 0,200000 0,500000 0,500000 0,500000 0,800000 0,800000 
0,800000 0,200000 0,500000 0,800000 0,500000 0,200000 0,500000 0,800000 0,500000 0,200000 0,500000 0,800000 0,500000 0,200000 0,500000 0,800000 0,500000 0,800000 0,200000 0,200000 0,200000 
0,800000 0,200000 0,500000 0,800000 0,800000 0,200000 0,200000 0,200000 0,200000 0,800000 0,500000 0,200000 0,800000 0,500000 0,800000 0,500000 0,500000 0,800000 0,800000 0,500000 0,200000 
0,800000 0,200000 0,500000 0,800000 0,800000 0,800000 0,500000 0,500000 0,200000 0,500000 0,200000 0,800000 0,500000 0,200000 0,200000 0,200000 0,800000 0,200000 0,500000 0,800000 0,200000 
0,800000 0,200000 0,800000 0,200000 0,200000 0,500000 0,800000 0,800000 0,200000 0,200000 0,200000 0,200000 0,800000 0,500000 0,200000 0,800000 0,800000 0,500000 0,200000 0,200000 0,500000 
0,800000 0,200000 0,800000 0,200000 0,500000 0,500000 0,200000 0,800000 0,800000 0,500000 0,800000 0,800000 0,200000 0,800000 0,500000 0,500000 0,800000 0,500000 0,800000 0,200000 0,500000 
0,800000 0,200000 0,800000 0,200000 0,800000 0,200000 0,800000 0,200000 0,800000 0,200000 0,800000 0,200000 0,800000 0,200000 0,800000 0,200000 0,800000 0,800000 0,200000 0,800000 0,200000 
0,800000 0,200000 0,800000 0,500000 0,200000 0,200000 0,200000 0,500000 0,500000 0,800000 0,500000 0,800000 0,200000 0,500000 0,800000 0,800000 0,800000 0,800000 0,800000 0,200000 0,500000 
0,800000 0,200000 0,800000 0,500000 0,200000 0,800000 0,500000 0,800000 0,500000 0,500000 0,500000 0,200000 0,800000 0,200000 0,200000 0,800000 0,200000 0,200000 0,500000 0,500000 0,500000 
0,800000 0,200000 0,800000 0,500000 0,500000 0,800000 0,200000 0,200000 0,500000 0,200000 0,200000 0,800000 0,200000 0,500000 0,500000 0,500000 0,200000 0,200000 0,800000 0,800000 0,500000 
0,800000 0,200000 0,800000 0,500000 0,800000 0,500000 0,500000 0,500000 0,200000 0,800000 0,200000 0,200000 0,500000 0,800000 0,800000 0,200000 0,200000 0,500000 0,500000 0,800000 0,500000 
0,800000 0,200000 0,800000 0,800000 0,200000 0,200000 0,800000 0,800000 0,200000 0,200000 0,800000 0,800000 0,200000 0,200000 0,800000 0,800000 0,200000 0,800000 0,500000 0,200000 0,500000 
0,800000 0,200000 0,800000 0,800000 0,500000 0,200000 0,200000 0,800000 0,800000 0,800000 0,800000 0,200000 0,500000 0,800000 0,200000 0,500000 0,200000 0,800000 0,800000 0,800000 0,200000 
0,800000 0,200000 0,800000 0,800000 0,500000 0,800000 0,800000 0,200000 0,800000 0,500000 0,500000 0,800000 0,200000 0,200000 0,500000 0,200000 0,500000 0,200000 0,200000 0,800000 0,200000 
0,800000 0,200000 0,800000 0,800000 0,800000 0,800000 0,200000 0,500000 0,800000 0,200000 0,500000 0,200000 0,500000 0,500000 0,500000 0,800000 0,500000 0,500000 0,200000 0,200000 0,800000 
0,800000 0,500000 0,200000 0,200000 0,200000 0,500000 0,500000 0,800000 0,500000 0,800000 0,200000 0,500000 0,800000 0,800000 0,800000 0,500000 0,500000 0,500000 0,800000 0,200000 0,500000 
0,800000 0,500000 0,200000 0,200000 0,500000 0,500000 0,200000 0,200000 0,500000 0,500000 0,200000 0,200000 0,500000 0,500000 0,200000 0,200000 0,500000 0,800000 0,200000 0,500000 0,200000 
0,800000 0,500000 0,200000 0,200000 0,800000 0,200000 0,500000 0,500000 0,200000 0,800000 0,800000 0,500000 0,800000 0,800000 0,200000 0,800000 0,500000 0,800000 0,500000 0,500000 0,500000 
0,800000 0,500000 0,200000 0,200000 0,800000 0,800000 0,800000 0,800000 0,200000 0,500000 0,800000 0,200000 0,500000 0,200000 0,500000 0,500000 0,800000 0,200000 0,200000 0,500000 0,500000 
0,800000 0,500000 0,200000 0,500000 0,200000 0,800000 0,500000 0,200000 0,200000 0,200000 0,500000 0,500000 0,800000 0,500000 0,800000 0,200000 0,800000 0,200000 0,800000 0,800000 0,200000 
0,800000 0,500000 0,200000 0,500000 0,500000 0,500000 0,800000 0,200000 0,800000 0,800000 0,500000 0,200000 0,200000 0,800000 0,800000 0,800000 0,800000 0,500000 0,500000 0,800000 0,200000 
0,800000 0,500000 0,200000 0,500000 0,800000 0,500000 0,200000 0,500000 0,800000 0,500000 0,200000 0,500000 0,800000 0,500000 0,200000 0,500000 0,800000 0,800000 0,200000 0,200000 0,200000 
0,800000 0,500000 0,200000 0,800000 0,200000 0,200000 0,500000 0,800000 0,800000 0,200000 0,200000 0,200000 0,200000 0,800000 0,500000 0,200000 0,800000 0,800000 0,800000 0,500000 0,800000 
0,800000 0,500000 0,200000 0,800000 0,500000 0,200000 0,200000 0,200000 0,500000 0,500000 0,800000 0,500000 0,800000 0,200000 0,800000 0,200000 0,200000 0,200000 0,500000 0,800000 0,500000 
0,800000 0,500000 0,200000 0,800000 0,500000 0,800000 0,500000 0,500000 0,500000 0,200000 0,800000 0,200000 0,200000 0,500000 0,800000 0,800000 0,200000 0,500000 0,500000 0,200000 0,200000 
0,800000 0,500000 0,200000 0,800000 0,800000 0,500000 0,800000 0,800000 0,200000 0,800000 0,500000 0,500000 0,800000 0,200000 0,200000 0,500000 0,200000 0,800000 0,200000 0,200000 0,500000 
0,800000 0,500000 0,500000 0,200000 0,200000 0,500000 0,500000 0,200000 0,200000 0,500000 0,500000 0,200000 0,200000 0,500000 0,500000 0,200000 0,200000 0,800000 0,500000 0,800000 0,800000 
0,800000 0,500000 0,500000 0,200000 0,500000 0,200000 0,800000 0,500000 0,200000 0,200000 0,200000 0,500000 0,500000 0,800000 0,500000 0,800000 0,500000 0,200000 0,200000 0,200000 0,500000 
0,800000 0,500000 0,500000 0,200000 0,800000 0,200000 0,200000 0,500000 0,800000 0,800000 0,200000 0,200000 0,200000 0,200000 0,800000 0,500000 0,500000 0,500000 0,200000 0,200000 0,200000 
0,800000 0,500000 0,500000 0,200000 0,800000 0,800000 0,500000 0,800000 0,800000 0,200000 0,800000 0,500000 0,500000 0,800000 0,200000 0,200000 0,500000 0,500000 0,500000 0,500000 0,500000 
0,800000 0,500000 0,500000 0,500000 0,200000 0,800000 0,200000 0,200000 0,500000 0,800000 0,800000 0,200000 0,200000 0,200000 0,200000 0,800000 0,500000 0,800000 0,500000 0,200000 0,200000 
0,800000 0,500000 0,500000 0,500000 0,500000 0,500000 0,500000 0,500000 0,500000 0,500000 0,500000 0,500000 0,500000 0,500000 0,500000 0,500000 0,800000 0,200000 0,200000 0,500000 0,200000 
0,800000 0,500000 0,500000 0,500000 0,800000 0,200000 0,800000 0,800000 0,500000 0,200000 0,200000 0,800000 0,800000 0,800000 0,800000 0,200000 0,800000 0,200000 0,500000 0,500000 0,800000 
0,800000 0,500000 0,500000 0,800000 0,200000 0,200000 0,500000 0,200000 0,200000 0,800000 0,200000 0,500000 0,500000 0,200000 0,800000 0,800000 0,800000 0,500000 0,500000 0,200000 0,200000 
0,800000 0,500000 0,500000 0,800000 0,200000 0,800000 0,800000 0,500000 0,200000 0,200000 0,800000 0,800000 0,800000 0,800000 0,200000 0,500000 0,800000 0,800000 0,200000 0,800000 0,500000 
0,800000 0,500000 0,500000 0,800000 0,500000 0,800000 0,200000 0,500000 0,800000 0,800000 0,800000 0,500000 0,500000 0,200000 0,500000 0,500000 0,200000 0,200000 0,200000 0,200000 0,500000 
0,800000 0,500000 0,500000 0,800000 0,800000 0,500000 0,500000 0,800000 0,800000 0,500000 0,500000 0,800000 0,800000 0,500000 0,800000 0,200000 0,200000 0,200000 0,500000 0,800000 0,800000 
0,800000 0,500000 0,800000 0,200000 0,200000 0,500000 0,200000 0,200000 0,800000 0,200000 0,500000 0,500000 0,200000 0,800000 0,800000 0,800000 0,200000 0,500000 0,200000 0,800000 0,800000 
0,800000 0,500000 0,800000 0,200000 0,500000 0,200000 0,500000 0,500000 0,500000 0,800000 0,200000 0,800000 0,800000 0,500000 0,200000 0,500000 0,200000 0,500000 0,800000 0,200000 0,200000 
0,800000 0,500000 0,800000 0,200000 0,500000 0,800000 0,800000 0,800000 0,500000 0,500000 0,200000 0,500000 0,200000 0,800000 0,500000 0,200000 0,200000 0,800000 0,200000 0,200000 0,200000 
0,800000 0,500000 0,800000 0,200000 0,800000 0,800000 0,500000 0,200000 0,200000 0,800000 0,800000 0,800000 0,800000 0,200000 0,500000 0,800000 0,200000 0,800000 0,800000 0,800000 0,800000 
0,800000 0,500000 0,800000 0,500000 0,200000 0,500000 0,800000 0,500000 0,200000 0,500000 0,800000 0,500000 0,200000 0,500000 0,800000 0,500000 0,500000 0,200000 0,800000 0,200000 0,500000 
0,800000 0,500000 0,800000 0,500000 0,500000 0,500000 0,200000 0,800000 0,200000 0,200000 0,500000 0,800000 0,800000 0,200000 0,200000 0,200000 0,500000 0,500000 0,200000 0,200000 0,800000 
0,800000 0,500000 0,800000 0,500000 0,800000 0,200000 0,500000 0,800000 0,800000 0,800000 0,500000 0,500000 0,200000 0,500000 0,200000 0,800000 0,500000 0,500000 0,500000 0,200000 0,200000 
0,800000 0,500000 0,800000 0,800000 0,200000 0,200000 0,200000 0,200000 0,800000 0,500000 0,200000 0,800000 0,500000 0,800000 0,500000 0,500000 0,500000 0,500000 0,800000 0,800000 0,500000 
0,800000 0,500000 0,800000 0,800000 0,200000 0,800000 0,500000 0,500000 0,800000 0,200000 0,200000 0,500000 0,200000 0,200000 0,800000 0,200000 0,500000 0,800000 0,200000 0,800000 0,200000 
0,800000 0,500000 0,800000 0,800000 0,500000 0,500000 0,800000 0,800000 0,500000 0,500000 0,800000 0,800000 0,500000 0,500000 0,800000 0,800000 0,500000 0,800000 0,800000 0,500000 0,200000 
0,800000 0,500000 0,800000 0,800000 0,800000 0,500000 0,500000 0,200000 0,500000 0,200000 0,800000 0,500000 0,200000 0,200000 0,200000 0,500000 0,800000 0,200000 0,500000 0,500000 0,200000 
0,800000 0,800000 0,200000 0,200000 0,200000 0,200000 0,800000 0,500000 0,200000 0,800000 0,500000 0,800000 0,500000 0,500000 0,500000 0,200000 0,800000 0,500000 0,500000 0,200000 0,200000 
0,800000 0,800000 0,200000 0,200000 0,500000 0,200000 0,200000 0,800000 0,200000 0,500000 0,500000 0,200000 0,800000 0,800000 0,500000 0,800000 0,800000 0,500000 0,800000 0,200000 0,200000 
0,800000 0,800000 0,200000 0,200000 0,500000 0,800000 0,800000 0,200000 0,200000 0,200000 0,200000 0,800000 0,500000 0,200000 0,800000 0,500000 0,800000 0,800000 0,200000 0,200000 0,500000 
0,800000 0,800000 0,200000 0,200000 0,800000 0,800000 0,200000 0,200000 0,800000 0,800000 0,200000 0,200000 0,800000 0,800000 0,200000 0,500000 0,200000 0,200000 0,200000 0,200000 0,200000 
0,800000 0,800000 0,200000 0,500000 0,200000 0,500000 0,500000 0,500000 0,800000 0,200000 0,800000 0,800000 0,500000 0,200000 0,500000 0,200000 0,200000 0,200000 0,800000 0,500000 0,800000 
0,800000 0,800000 0,200000 0,500000 0,500000 0,200000 0,800000 0,800000 0,500000 0,800000 0,800000 0,200000 0,800000 0,500000 0,500000 0,800000 0,200000 0,500000 0,500000 0,200000 0,500000 
0,800000 0,800000 0,200000 0,500000 0,800000 0,200000 0,500000 0,200000 0,500000 0,500000 0,500000 0,800000 0,200000 0,800000 0,800000 0,500000 0,200000 0,500000 0,800000 0,500000 0,800000 
0,800000 0,800000 0,200000 0,500000 0,800000 0,800000 0,800000 0,500000 0,500000 0,200000 0,500000 0,200000 0,800000 0,500000 0,200000 0,200000 0,200000 0,800000 0,800000 0,500000 0,500000 
0,800000 0,800000 0,200000 0,800000 0,200000 0,800000 0,200000 0,800000 0,200000 0,800000 0,200000 0,800000 0,200000 0,800000 0,200000 0,800000 0,500000 0,200000 0,200000 0,500000 0,200000 
0,800000 0,800000 0,200000 0,800000 0,500000 0,500000 0,800000 0,200000 0,200000 0,500000 0,200000 0,200000 0,800000 0,200000 0,500000 0,500000 0,500000 0,200000 0,800000 0,500000 0,500000 
0,800000 0,800000 0,200000 0,800000 0,800000 0,500000 0,200000 0,200000 0,800000 0,800000 0,800000 0,800000 0,200000 0,500000 0,800000 0,200000 0,500000 0,500000 0,200000 0,800000 0,800000 
0,800000 0,800000 0,500000 0,200000 0,200000 0,200000 0,500000 0,500000 0,800000 0,500000 0,800000 0,200000 0,500000 0,800000 0,800000 0,800000 0,500000 0,800000 0,200000 0,500000 0,500000 
0,800000 0,800000 0,500000 0,200000 0,200000 0,800000 0,800000 0,800000 0,800000 0,200000 0,500000 0,800000 0,200000 0,500000 0,200000 0,500000 0,800000 0,200000 0,200000 0,500000 0,200000 
0,800000 0,800000 0,500000 0,200000 0,500000 0,800000 0,500000 0,200000 0,500000 0,800000 0,500000 0,200000 0,500000 0,800000 0,500000 0,200000 0,800000 0,200000 0,500000 0,200000 0,800000 
0,800000 0,800000 0,500000 0,200000 0,800000 0,500000 0,800000 0,500000 0,500000 0,500000 0,200000 0,800000 0,200000 0,200000 0,500000 0,800000 0,800000 0,200000 0,800000 0,800000 0,800000 
0,800000 0,800000 0,500000 0,500000 0,200000 0,500000 0,200000 0,800000 0,500000 0,200000 0,200000 0,200000 0,500000 0,500000 0,800000 0,500000 0,800000 0,500000 0,500000 0,800000 0,800000 
0,800000 0,800000 0,500000 0,500000 0,500000 0,200000 0,800000 0,200000 0,200000 0,500000 0,800000 0,800000 0,200000 0,200000 0,200000 0,200000 0,800000 0,800000 0,200000 0,800000 0,200000 
0,800000 0,800000 0,500000 0,500000 0,800000 0,200000 0,200000 0,500000 0,200000 0,200000 0,800000 0,200000 0,500000 0,500000 0,500000 0,200000 0,200000 0,200000 0,200000 0,500000 0,500000 
0,800000 0,800000 0,500000 0,500000 0,800000 0,800000 0,500000 0,500000 0,800000 0,800000 0,500000 0,500000 0,800000 0,800000 0,500000 0,800000 0,200000 0,200000 0,500000 0,500000 0,500000 
0,800000 0,800000 0,500000 0,800000 0,200000 0,500000 0,800000 0,800000 0,800000 0,500000 0,500000 0,200000 0,500000 0,200000 0,800000 0,500000 0,200000 0,500000 0,500000 0,200000 0,800000 
0,800000 0,800000 0,500000 0,800000 0,500000 0,500000 0,500000 0,200000 0,800000 0,200000 0,200000 0,500000 0,800000 0,800000 0,200000 0,200000 0,200000 0,500000 0,800000 0,500000 0,200000 
0,800000 0,800000 0,500000 0,800000 0,800000 0,200000 0,800000 0,500000 0,500000 0,800000 0,200000 0,200000 0,500000 0,200000 0,200000 0,800000 0,200000 0,800000 0,500000 0,200000 0,800000 
0,800000 0,800000 0,800000 0,200000 0,200000 0,200000 0,200000 0,800000 0,500000 0,200000 0,800000 0,500000 0,800000 0,500000 0,500000 0,500000 0,500000 0,200000 0,200000 0,800000 0,500000 
0,800000 0,800000 0,800000 0,200000 0,200000 0,800000 0,800000 0,200000 0,200000 0,800000 0,800000 0,200000 0,200000 0,800000 0,800000 0,200000 0,500000 0,500000 0,200000 0,800000 0,200000 
0,800000 0,800000 0,800000 0,200000 0,500000 0,800000 0,200000 0,500000 0,200000 0,500000 0,500000 0,500000 0,800000 0,200000 0,800000 0,800000 0,500000 0,800000 0,200000 0,500000 0,200000 
0,800000 0,800000 0,800000 0,200000 0,800000 0,500000 0,500000 0,800000 0,200000 0,200000 0,500000 0,200000 0,200000 0,800000 0,200000 0,500000 0,500000 0,800000 0,800000 0,500000 0,500000 
0,800000 0,800000 0,800000 0,500000 0,200000 0,200000 0,800000 0,800000 0,800000 0,800000 0,200000 0,500000 0,800000 0,200000 0,500000 0,200000 0,800000 0,200000 0,500000 0,200000 0,500000 
0,800000 0,800000 0,800000 0,500000 0,500000 0,200000 0,500000 0,200000 0,800000 0,500000 0,200000 0,200000 0,200000 0,500000 0,500000 0,800000 0,800000 0,200000 0,800000 0,800000 0,200000 
0,800000 0,800000 0,800000 0,500000 0,500000 0,800000 0,800000 0,500000 0,500000 0,800000 0,800000 0,500000 0,500000 0,800000 0,800000 0,500000 0,800000 0,500000 0,500000 0,800000 0,800000 
0,800000 0,800000 0,800000 0,500000 0,800000 0,800000 0,200000 0,800000 0,500000 0,500000 0,800000 0,200000 0,200000 0,500000 0,200000 0,200000 0,800000 0,800000 0,200000 0,500000 0,800000 
0,800000 0,800000 0,800000 0,800000 0,200000 0,500000 0,800000 0,200000 0,500000 0,200000 0,500000 0,500000 0,500000 0,800000 0,500000 0,200000 0,200000 0,200000 0,200000 0,500000 0,500000 
0,800000 0,800000 0,800000 0,800000 0,500000 0,500000 0,200000 0,500000 0,200000 0,800000 0,500000 0,200000 0,200000 0,200000 0,500000 0,800000 0,200000 0,200000 0,800000 0,800000 0,800000 
0,800000 0,800000 0,800000 0,800000 0,800000 0,200000 0,500000 0,800000 0,200000 0,500000 0,200000 0,500000 0,500000 0,500000 0,800000 0,500000 0,200000 0,500000 0,500000 0,500000 0,500000 
