n	ne	e	se	s	sw	w	nw	c	distance	1-live	1-kitchen	2-live	2-kitchen	3-live	3-kitchen	4-live	4-kitchen	1	last	any	n-floor	kirpich	panel	block	price
1	0	0	0	0	0	0	0	0	0,506979736	0	0	0,102941176	0,2	0	0	0	0	0	0	1	0,8	1	0	0	4871
1	0	0	0	0	0	0	0	0	0,398872616	0	0	0,014705882	0,066666667	0	0	0	0	1	0	0	0,4	1	0	0	4545
1	0	0	0	0	0	0	0	0	0,36754683	0	0	0,117647059	0,266666667	0	0	0	0	0	1	0	1	1	0	0	3750
1	0	0	0	0	0	0	0	0	0,22006475	0	0	0,044117647	0,333333333	0	0	0	0	0	1	0	0,5	1	0	0	4142
1	0	0	0	0	0	0	0	0	0,146604366	0	0	0,014705882	0,066666667	0	0	0	0	1	0	0	0,2	1	0	0	3787
1	0	0	0	0	0	0	0	0	0,033655823	0	0	0,147058824	0,333333333	0	0	0	0	0	0	1	1	1	0	0	3690
1	0	0	0	0	0	0	0	0	0,579949824	0,485714286	0,4	0	0	0	0	0	0	1	0	0	0,5	1	0	0	4761
1	0	0	0	0	0	0	0	0	0,323760746	0,142857143	0,1	0	0	0	0	0	0	0	0	1	0,4	1	0	0	4900
1	0	0	0	0	0	0	0	0	0,035747842	0,171428571	0,1	0	0	0	0	0	0	0	0	1	0,2	1	0	0	4193
1	0	0	0	0	0	0	0	0	0,465547406	0	0	0	0	0	0,133333333	0	0	0	0	1	0,5	1	0	0	4714
1	0	0	0	0	0	0	0	0	0,190782398	0	0	0	0	0	0,066666667	0	0	0	0	1	0,4	1	0	0	4363
1	0	0	0	0	0	0	0	0	0,038075319	0	0	0	0	0	0,066666667	0	0	0	1	0	0,4	1	0	0	3906
1	0	0	0	0	0	0	0	0	0,224066671	0	0	0	0	0	0	0	0,142857143	0	0	1	0,9	1	0	0	4871
1	0	0	0	0	0	0	0	0	0,52449466	0	0	0,323529412	0,266666667	0	0	0	0	0	0	1	0,8	0	1	0	5000
1	0	0	0	0	0	0	0	0	0,199712976	0	0	0,205882353	0,066666667	0	0	0	0	1	0	0	0,4	0	1	0	3630
1	0	0	0	0	0	0	0	0	0,158989123	0	0	0,352941176	0,466666667	0	0	0	0	0	0	1	1	0	1	0	4464
1	0	0	0	0	0	0	0	0	0,039968298	0	0	0,088235294	0,133333333	0	0	0	0	0	1	0	0,5	0	1	0	4210
1	0	0	0	0	0	0	0	0	0,03090534	0	0	0,294117647	0,2	0	0	0	0	0	0	1	0,8	0	1	0	3557
1	0	0	0	0	0	0	0	0	0,632439768	0,857142857	0,3	0	0	0	0	0	0	0	0	1	0,5	0	1	0	5000
1	0	0	0	0	0	0	0	0	0,437695661	0,714285714	0,2	0	0	0	0	0	0	1	0	0	0,4	0	1	0	4600
1	0	0	0	0	0	0	0	0	0,362235535	0,857142857	0,4	0	0	0	0	0	0	0	0	1	0,4	0	1	0	5818
1	0	0	0	0	0	0	0	0	0,034007575	0,628571429	0,1	0	0	0	0	0	0	0	1	0	0,4	0	1	0	3510
1	0	0	0	0	0	0	0	0	0,497924873	0	0	0	0	0	0,133333333	0	0	0	0	1	0,4	0	1	0	4729
1	0	0	0	0	0	0	0	0	0,283613867	0	0	0	0	0	0,066666667	0	0	1	0	0	0,5	0	1	0	3777
1	0	0	0	0	0	0	0	0	0,211539646	0	0	0	0	0	0,066666667	0	0	0	0	1	1	0	1	0	4500
1	0	0	0	0	0	0	0	0	0,03812814	0	0	0	0	0	0,066666667	0	0	0	0	1	0,2	0	1	0	3488
1	0	0	0	0	0	0	0	0	0,143388375	0	0	0	0	0	0	0	0,285714286	0	0	1	0,9	0	1	0	4482
1	0	0	0	0	0	0	0	0	0,143388375	0	0	0	0	0	0	0	0,428571429	0	0	1	0,9	0	1	0	4600
1	0	0	0	0	0	0	0	0	0,525586451	0	0	0,470588235	0,2	0	0	0	0	0	0	1	0,5	0	0	1	5859
1	0	0	0	0	0	0	0	0	0,414372448	0	0	0,544117647	0,133333333	0	0	0	0	1	0	0	0,5	0	0	1	4057
1	0	0	0	0	0	0	0	0	0,385552703	0	0	0,485294118	0,133333333	0	0	0	0	0	1	0	0,5	0	0	1	3692
1	0	0	0	0	0	0	0	0	0,149892486	0	0	0,705882353	0,266666667	0	0	0	0	0	1	0	1	0	0	1	3250
1	0	0	0	0	0	0	0	0	0,042836961	0	0	0,411764706	0,066666667	0	0	0	0	0	0	1	0,4	0	0	1	4000
1	0	0	0	0	0	0	0	0	0,030585675	0	0	0,617647059	0,333333333	0	0	0	0	0	0	1	0,8	0	0	1	3581
1	0	0	0	0	0	0	0	0	0,621144138	1	0,3	0	0	0	0	0	0	0	1	0	0,4	0	0	1	4698
1	0	0	0	0	0	0	0	0	0,407536162	1	0,4	0	0	0	0	0	0	1	0	0	0,5	0	0	1	4342
1	0	0	0	0	0	0	0	0	0,359982826	1	0,4	0	0	0	0	0	0	0	0	1	0,4	0	0	1	3373
1	0	0	0	0	0	0	0	0	0,262429167	1	0,3	0	0	0	0	0	0	0	0	1	0,2	0	0	1	4415
1	0	0	0	0	0	0	0	0	0,039500095	0,942857143	0	0	0	0	0	0	0	0	1	0	0,2	0	0	1	3189
1	0	0	0	0	0	0	0	0	0,430176312	0	0	0	0	0,02027027	0	0	0	1	0	0	0,2	0	0	1	3363
1	0	0	0	0	0	0	0	0	0,168520963	0	0	0	0	0,108108108	0,266666667	0	0	0	0	1	0,5	0	0	1	4705
1	0	0	0	0	0	0	0	0	0,042836961	0	0	0	0	0,074324324	0,266666667	0	0	0	0	1	0,5	0	0	1	3492
1	0	0	0	0	0	0	0	0	0,350867928	0	0	0	0	0	0	0,494680851	1	0	0	1	0,8	0	0	1	5612
0	1	0	0	0	0	0	0	0	0,612592663	0	0	0,014705882	0,133333333	0	0	0	0	0	0	1	0,4	1	0	0	4545
0	1	0	0	0	0	0	0	0	0,269994136	0	0	0	0,066666667	0	0	0	0	0	0	1	0,4	1	0	0	4312
0	1	0	0	0	0	0	0	0	0,195061367	0	0	0,044117647	0,133333333	0	0	0	0	1	0	0	0,4	1	0	0	3942
0	1	0	0	0	0	0	0	0	0,009387781	0	0	0	0,066666667	0	0	0	0	0	0	1	0,4	1	0	0	4354
0	1	0	0	0	0	0	0	0	0,546388866	0,228571429	0,1	0	0	0	0	0	0	1	0	0	0,2	1	0	0	3636
0	1	0	0	0	0	0	0	0	0,354289345	0,8	1	0	0	0	0	0	0	1	0	0	0,8	1	0	0	4528
0	1	0	0	0	0	0	0	0	0,321301581	0,285714286	0,3	0	0	0	0	0	0	0	0	1	1	1	0	0	5142
0	1	0	0	0	0	0	0	0	0,265539793	0,257142857	0,1	0	0	0	0	0	0	0	1	0	0,4	1	0	0	3823
0	1	0	0	0	0	0	0	0	0,17837681	0,2	0,1	0	0	0	0	0	0	0	1	0	0,2	1	0	0	3906
0	1	0	0	0	0	0	0	0	0,010131559	0,142857143	0,1	0	0	0	0	0	0	0	0	1	0,2	1	0	0	4116
0	1	0	0	0	0	0	0	0	0,568408483	0	0	0	0	0	0,266666667	0	0	0	0	1	0,5	1	0	0	4714
0	1	0	0	0	0	0	0	0	0,429282714	0	0	0	0	0	0,066666667	0	0	0	1	0	0,4	1	0	0	5000
0	1	0	0	0	0	0	0	0	0,337041929	0	0	0	0	0	0,333333333	0	0	1	0	0	1	1	0	0	3815
0	1	0	0	0	0	0	0	0	0,313166106	0	0	0	0	0	0,333333333	0	0	0	0	1	0,5	1	0	0	4694
0	1	0	0	0	0	0	0	0	0,210078435	0	0	0	0	0	0,333333333	0	0	0	0	1	1	1	0	0	4210
0	1	0	0	0	0	0	0	0	0,009387781	0	0	0	0	0	0,133333333	0	0	0	0	1	0,4	1	0	0	3611
0	1	0	0	0	0	0	0	0	0,568802611	0	0	0,161764706	0,066666667	0	0	0	0	0	0	1	0,5	0	1	0	3604
0	1	0	0	0	0	0	0	0	0,27643266	0	0	0,102941176	0,133333333	0	0	0	0	0	0	1	0,5	0	1	0	4743
0	1	0	0	0	0	0	0	0	0,010138584	0	0	0,176470588	0,066666667	0	0	0	0	1	0	0	0,8	0	1	0	3181
0	1	0	0	0	0	0	0	0	0,551334578	0,457142857	0,2	0	0	0	0	0	0	0	0	1	0,5	0	1	0	5000
0	1	0	0	0	0	0	0	0	0,322640619	1	0,2	0	0	0	0	0	0	0	0	1	0,2	0	1	0	4600
0	1	0	0	0	0	0	0	0	0,070756179	0,542857143	0,1	0	0	0	0	0	0	0	0	1	0,2	0	1	0	3409
0	1	0	0	0	0	0	0	0	0,564482199	0	0	0	0	0	0,066666667	0	0	0	0	1	0,2	0	1	0	4302
0	1	0	0	0	0	0	0	0	0,362738048	0	0	0	0	0	0,066666667	0	0	0	1	0	0,2	0	1	0	4477
0	1	0	0	0	0	0	0	0	0,162780521	0	0	0	0	0	0,066666667	0	0	0	0	1	0,5	0	1	0	4342
0	1	0	0	0	0	0	0	0	0,205755083	0	0	0	0	0	0	0,14893617	0,785714286	0	0	1	0,8	0	1	0	4611
0	1	0	0	0	0	0	0	0	0,555554361	0	0	0,705882353	0,333333333	0	0	0	0	0	0	1	0,8	0	0	1	4937
0	1	0	0	0	0	0	0	0	0,275476275	0	0	0,470588235	0,266666667	0	0	0	0	0	0	1	0,4	0	0	1	3906
0	1	0	0	0	0	0	0	0	0,073353009	0	0	0,602941176	0,333333333	0	0	0	0	0	0	1	0,8	0	0	1	4383
0	1	0	0	0	0	0	0	0	0,585605087	1	0	0	0	0	0	0	0	0	0	1	0,2	0	0	1	5172
0	1	0	0	0	0	0	0	0	0,342695697	1	0,3	0	0	0	0	0	0	0	1	0	0,4	0	0	1	4567
0	1	0	0	0	0	0	0	0	0,089250246	1	0,4	0	0	0	0	0	0	0	0	1	1	0	0	1	4000
0	1	0	0	0	0	0	0	0	0,543367428	0	0	0	0	0,108108108	0,333333333	0	0	0	0	1	0,5	0	0	1	4632
0	1	0	0	0	0	0	0	0	0,304180586	0	0	0	0	0,094594595	0,266666667	0	0	0	0	1	0,5	0	0	1	4515
0	1	0	0	0	0	0	0	0	0,236842514	0	0	0	0	0,081081081	0,266666667	0	0	1	0	0	0,5	0	0	1	4375
0	1	0	0	0	0	0	0	0	0,35923504	0	0	0	0	0	0	0,292553191	0,5	0	0	1	0,9	0	0	1	4700
0	0	1	0	0	0	0	0	0	0,546388866	0	0	0,029411765	0,066666667	0	0	0	0	0	0	1	0,2	1	0	0	4117
0	0	1	0	0	0	0	0	0	0,19710004	0	0	0	0,066666667	0	0	0	0	0	0	1	0,4	1	0	0	5000
0	0	1	0	0	0	0	0	0	0,025541728	0	0	0	0,133333333	0	0	0	0	0	0	1	0,4	1	0	0	4062
0	0	1	0	0	0	0	0	0	0,599569954	0,142857143	0,1	0	0	0	0	0	0	1	0	0	0,2	1	0	0	4700
0	0	1	0	0	0	0	0	0	0,320856471	0,142857143	0,1	0	0	0	0	0	0	1	0	0	0,2	1	0	0	4133
0	0	1	0	0	0	0	0	0	0,027054267	0,257142857	0,1	0	0	0	0	0	0	1	0	0	0,2	1	0	0	3823
0	0	1	0	0	0	0	0	0	0,562139458	0	0	0	0	0	0,066666667	0	0	0	1	0	0,2	1	0	0	4161
0	0	1	0	0	0	0	0	0	0,291789522	0	0	0	0	0	0,066666667	0	0	1	0	0	0,2	1	0	0	3843
0	0	1	0	0	0	0	0	0	0,066292982	0	0	0	0	0	0,333333333	0	0	0	1	0	1	1	0	0	3474
0	0	1	0	0	0	0	0	0	0,349411739	0	0	0	0	0	0	0	0,285714286	0	0	1	0,9	1	0	0	4300
0	0	1	0	0	0	0	0	0	0,658839973	0	0	0,220588235	0,266666667	0	0	0	0	0	0	1	1	0	1	0	4255
0	0	1	0	0	0	0	0	0	0,228933418	0	0	0,117647059	0,133333333	0	0	0	0	0	0	1	0,5	0	1	0	4375
0	0	1	0	0	0	0	0	0	0,02254576	0	0	0,220588235	0,066666667	0	0	0	0	0	0	1	0,4	0	1	0	3382
0	0	1	0	0	0	0	0	0	0,726482522	1	0,3	0	0	0	0	0	0	0	0	1	0,4	0	1	0	3388
0	0	1	0	0	0	0	0	0	0,337509492	0,8	0,3	0	0	0	0	0	0	0	1	0	0,5	0	1	0	5283
0	0	1	0	0	0	0	0	0	0,017812082	1	0,7	0	0	0	0	0	0	0	0	1	1	0	1	0	4097
0	0	1	0	0	0	0	0	0	0,506628446	0	0	0	0	0	0,066666667	0	0	0	0	1	0,2	0	1	0	4195
0	0	1	0	0	0	0	0	0	0,311650295	0	0	0	0	0	0,133333333	0	0	1	0	0	1	0	1	0	3695
0	0	1	0	0	0	0	0	0	0,117603261	0	0	0	0	0	0,266666667	0	0	0	0	1	0,5	0	1	0	3700
0	0	1	0	0	0	0	0	0	0,288771442	0	0	0	0	0	0	0	0	0	0	1	0,8	0	1	0	4000
0	0	1	0	0	0	0	0	0	0,221749073	0	0	0	0	0	0	0,170212766	1	0	0	1	0,5	0	1	0	4468
0	0	1	0	0	0	0	0	0	0,179866694	0	0	0	0	0	0	0,037234043	0,5	0	0	1	0,8	0	1	0	5072
0	0	1	0	0	0	0	0	0	0,551334578	0	0	0,485294118	0,2	0	0	0	0	0	0	1	0,8	0	0	1	4692
0	0	1	0	0	0	0	0	0	0,186080654	0	0	0,514705882	0,066666667	0	0	0	0	1	0	0	0,4	0	0	1	4328
0	0	1	0	0	0	0	0	0	0,022421086	0	0	0,441176471	0,2	0	0	0	0	0	0	1	0,4	0	0	1	3467
0	0	1	0	0	0	0	0	0	0,019249969	0	0	0,764705882	0,266666667	0	0	0	0	0	0	1	1	0	0	1	3333
0	0	1	0	0	0	0	0	0	0,607518393	1	0,1	0	0	0	0	0	0	1	0	0	0,2	0	0	1	3709
0	0	1	0	0	0	0	0	0	0,344123897	0,857142857	0	0	0	0	0	0	0	0	0	1	0,2	0	0	1	4000
0	0	1	0	0	0	0	0	0	0,026168952	0,8	0,4	0	0	0	0	0	0	0	1	0	0,2	0	0	1	3735
0	0	1	0	0	0	0	0	0	0,410086452	0	0	0	0	0,074324324	0,266666667	0	0	1	0	0	0,5	0	0	1	3809
0	0	1	0	0	0	0	0	0	0,306084094	0	0	0	0	0,081081081	0,266666667	0	0	1	0	0	0,5	0	0	1	3593
0	0	1	0	0	0	0	0	0	0,217788545	0	0	0	0	0,094594595	0,266666667	0	0	0	0	1	0,5	0	0	1	3939
0	0	1	0	0	0	0	0	0	0,201520704	0	0	0	0	0	0	0,074468085	0,571428571	0	0	1	1	0	0	1	4605
0	0	1	0	0	0	0	0	0	0,179866694	0	0	0	0	0	0	0,239361702	0,642857143	0	0	1	0,8	0	0	1	4485
0	0	0	1	0	0	0	0	0	0,681129015	0	0	0,088235294	0,266666667	0	0	0	0	0	0	1	0,8	1	0	0	4868
0	0	0	1	0	0	0	0	0	0,279709272	0	0	0,014705882	0,066666667	0	0	0	0	1	0	0	0,4	1	0	0	4090
0	0	0	1	0	0	0	0	0	0,017935974	0	0	0,117647059	0,2	0	0	0	0	0	0	1	0,5	1	0	0	3825
0	0	0	1	0	0	0	0	0	0,79004131	0,485714286	0,6	0	0	0	0	0	0	0	0	1	0,5	1	0	0	5119
0	0	0	1	0	0	0	0	0	0,327144514	0,2	0,1	0	0	0	0	0	0	0	1	0	0,2	1	0	0	3906
0	0	0	1	0	0	0	0	0	0,107618646	0,171428571	0,1	0	0	0	0	0	0	1	0	0	0,2	1	0	0	3387
0	0	0	1	0	0	0	0	0	0,565657228	0	0	0	0	0	0	0	0	0	0	1	0,4	1	0	0	4625
0	0	0	1	0	0	0	0	0	0,395294554	0	0	0	0	0	0,133333333	0	0	0	0	1	0,5	1	0	0	4400
0	0	0	1	0	0	0	0	0	0,155717174	0	0	0	0	0	0,333333333	0	0	0	0	1	0,5	1	0	0	4142
0	0	0	1	0	0	0	0	0	0,47302882	0	0	0	0	0	0	0	0,285714286	0	0	1	0,9	1	0	0	4000
0	0	0	1	0	0	0	0	0	0,455650637	0	0	0	0	0	0	0	0,285714286	0	0	1	0,9	1	0	0	3953
0	0	0	1	0	0	0	0	0	0,455650637	0	0	0	0	0	0	0	0,285714286	0	0	1	0,9	1	0	0	4250
0	0	0	1	0	0	0	0	0	0,438910895	0	0	0	0	0	0	0	0,285714286	0	0	1	0,9	1	0	0	4523
0	0	0	1	0	0	0	0	0	0,431370668	0	0	0	0	0	0	0	0,142857143	0	0	1	0,9	1	0	0	4179
0	0	0	1	0	0	0	0	0	0,411510169	0	0	0	0	0	0	0	0,214285714	0	0	1	0,9	1	0	0	4358
0	0	0	1	0	0	0	0	0	0,263340255	0	0	0	0	0	0	0	0,357142857	0	0	1	0,9	1	0	0	4268
0	0	0	1	0	0	0	0	0	0,540737378	0	0	0,088235294	0,133333333	0	0	0	0	1	0	0	0,5	0	1	0	4210
0	0	0	1	0	0	0	0	0	0,280485866	0	0	0,308823529	0,2	0	0	0	0	0	0	1	0,8	0	1	0	4056
0	0	0	1	0	0	0	0	0	0,016053147	0	0	0,411764706	0,333333333	0	0	0	0	0	0	1	1	0	1	0	3166
0	0	0	1	0	0	0	0	0	0,714992491	0,542857143	0	0	0	0	0	0	0	0	0	1	0,4	0	1	0	4909
0	0	0	1	0	0	0	0	0	0,326464943	0,514285714	0,1	0	0	0	0	0	0	0	1	0	0,2	0	1	0	3837
0	0	0	1	0	0	0	0	0	0,06134119	0,314285714	0	0	0	0	0	0	0	0	0	1	0,4	0	1	0	4027
0	0	0	1	0	0	0	0	0	0,497924873	0	0	0	0	0	0,133333333	0	0	0	0	1	0,5	0	1	0	3913
0	0	0	1	0	0	0	0	0	0,322417059	0	0	0	0	0	0	0	0	0	0	1	0,2	0	1	0	3695
0	0	0	1	0	0	0	0	0	0,127008765	0	0	0	0	0	0,266666667	0	0	0	0	1	1	0	1	0	3725
0	0	0	1	0	0	0	0	0	0,47302882	0	0	0	0	0	0	0	0,285714286	0	0	1	0,9	0	1	0	3898
0	0	0	1	0	0	0	0	0	0,46265221	0	0	0	0	0	0	0	0,214285714	0	0	1	0,9	0	1	0	4583
0	0	0	1	0	0	0	0	0	0,455019408	0	0	0	0	0	0	0,005319149	0,285714286	0	0	1	0,9	0	1	0	4015
0	0	0	1	0	0	0	0	0	0,454389054	0	0	0	0	0	0	0	0,285714286	0	0	1	0,9	0	1	0	4583
0	0	0	1	0	0	0	0	0	0,411510169	0	0	0	0	0	0	0	0,285714286	0	0	1	0,9	0	1	0	4426
0	0	0	1	0	0	0	0	0	0,403600533	0	0	0	0	0	0	0,015957447	0,285714286	0	0	1	0,9	0	1	0	5076
0	0	0	1	0	0	0	0	0	0,403600533	0	0	0	0	0	0	0,026595745	0,428571429	0	0	1	0,9	0	1	0	4776
0	0	0	1	0	0	0	0	0	0,172539666	0	0	0	0	0	0	0	0,214285714	1	0	0	0,9	0	1	0	3695
0	0	0	1	0	0	0	0	0	0,033960463	0	0	0	0	0	0	0,026595745	0,357142857	0	1	0	0,9	0	1	0	4477
0	0	0	1	0	0	0	0	0	0,638606877	0	0	0,661764706	0,4	0	0	0	0	0	0	1	0,9	0	0	1	3857
0	0	0	1	0	0	0	0	0	0,277008083	0	0	0,602941176	0,2	0	0	0	0	0	0	1	0,8	0	0	1	3904
0	0	0	1	0	0	0	0	0	0,017457611	0	0	0,691176471	0,333333333	0	0	0	0	0	0	1	0,8	0	0	1	3037
0	0	0	1	0	0	0	0	0	0,796088097	0,885714286	0,2	0	0	0	0	0	0	0	0	1	0,4	0	0	1	5714
0	0	0	1	0	0	0	0	0	0,338916078	1	0,3	0	0	0	0	0	0	0	1	0	0,2	0	0	1	3733
0	0	0	1	0	0	0	0	0	0,056759274	0,914285714	0,1	0	0	0	0	0	0	1	0	0	0,4	0	0	1	3105
0	0	0	1	0	0	0	0	0	0,30481377	0	0	0	0	0,027027027	0,066666667	0	0	0	1	0	0,2	0	0	1	3750
0	0	0	1	0	0	0	0	0	0,152512561	0	0	0	0	0,081081081	0,333333333	0	0	0	0	1	0,5	0	0	1	3750
0	0	0	1	0	0	0	0	0	0,455650637	0	0	0	0	0	0	0,085106383	0,214285714	0	1	0	0,9	0	0	1	4294
0	0	0	1	0	0	0	0	0	0,455019408	0	0	0	0	0	0	0,079787234	0,214285714	0	0	1	0,9	0	0	1	4155
0	0	0	1	0	0	0	0	0	0,438910895	0	0	0	0	0	0	0,095744681	0,285714286	0	0	1	0,9	0	0	1	4375
0	0	0	1	0	0	0	0	0	0,403600533	0	0	0	0	0	0	0,132978723	0,285714286	0	0	1	0,9	0	0	1	4482
0	0	0	1	0	0	0	0	0	0,353553387	0	0	0	0	0	0	0,319148936	1	0	0	1	0,9	0	0	1	4016
0	0	0	0	1	0	0	0	0	0,620713743	0	0	0,102941176	0,266666667	0	0	0	0	0	0	1	0,8	1	0	0	4358
0	0	0	0	1	0	0	0	0	0,281069727	0	0	0,058823529	0,066666667	0	0	0	0	0	0	1	0,4	1	0	0	3750
0	0	0	0	1	0	0	0	0	0,037525106	0	0	0,117647059	0,266666667	0	0	0	0	1	0	0	0,5	1	0	0	3250
0	0	0	0	1	0	0	0	0	0,646624463	0,171428571	0	0	0	0	0	0	0	0	0	1	0,2	1	0	0	4354
0	0	0	0	1	0	0	0	0	0,393381219	0,342857143	0,3	0	0	0	0	0	0	0	0	1	1	1	0	0	4594
0	0	0	0	1	0	0	0	0	0,072042895	0,428571429	0,3	0	0	0	0	0	0	0	0	1	1	1	0	0	3875
0	0	0	0	1	0	0	0	0	0,556710806	0	0	0	0	0	0	0	0	0	0	1	0,4	1	0	0	4354
0	0	0	0	1	0	0	0	0	0,407536162	0	0	0	0	0	0	0	0	0	1	0	0,4	1	0	0	4375
0	0	0	0	1	0	0	0	0	0,279128237	0	0	0	0	0	0,333333333	0	0	0	0	1	1	1	0	0	4128
0	0	0	0	1	0	0	0	0	0,112266544	0	0	0	0	0	0,333333333	0	0	0	0	1	0,5	1	0	0	4722
0	0	0	0	1	0	0	0	0	0,436181349	0	0	0	0	0	0	0	0,142857143	0	0	1	0,9	1	0	0	4342
0	0	0	0	1	0	0	0	0	0,436181349	0	0	0	0	0	0	0	0,142857143	0	0	1	0,9	1	0	0	5000
0	0	0	0	1	0	0	0	0	0,189202096	0	0	0	0	0	0	0	0,214285714	0	0	1	0,9	1	0	0	3923
0	0	0	0	1	0	0	0	0	0,189202096	0	0	0	0	0	0	0	0,214285714	0	0	1	0,9	1	0	0	4487
0	0	0	0	1	0	0	0	0	0,183010709	0	0	0	0	0	0	0	0,428571429	0	0	1	0,9	1	0	0	4125
0	0	0	0	1	0	0	0	0	0,183010709	0	0	0	0	0	0	0	0,214285714	0	0	1	0,9	1	0	0	3783
0	0	0	0	1	0	0	0	0	0,183010709	0	0	0	0	0	0	0	0,214285714	0	0	1	0,9	1	0	0	4125
0	0	0	0	1	0	0	0	0	0,183010709	0	0	0	0	0	0	0	0,214285714	0	0	1	0,9	1	0	0	4250
0	0	0	0	1	0	0	0	0	0,132402289	0	0	0	0	0	0	0	0,214285714	0	0	1	0,9	1	0	0	3944
0	0	0	0	1	0	0	0	0	0,132402289	0	0	0	0	0	0	0	0,214285714	0	0	1	0,9	1	0	0	3846
0	0	0	0	1	0	0	0	0	0,712518805	0	0	0,323529412	0,266666667	0	0	0	0	0	0	1	0,8	0	1	0	5092
0	0	0	0	1	0	0	0	0	0,296067899	0	0	0,323529412	0,2	0	0	0	0	0	0	1	1	0	1	0	4259
0	0	0	0	1	0	0	0	0	0,038234	0	0	0,176470588	0,066666667	0	0	0	0	0	0	1	0,4	0	1	0	3863
0	0	0	0	1	0	0	0	0	0,633756258	0,542857143	0,1	0	0	0	0	0	0	0	0	1	0,2	0	1	0	4545
0	0	0	0	1	0	0	0	0	0,374230743	0,542857143	0,1	0	0	0	0	0	0	0	0	1	0,4	0	1	0	4363
0	0	0	0	1	0	0	0	0	0,216584211	0,457142857	0,1	0	0	0	0	0	0	0	1	0	0,2	0	1	0	4024
0	0	0	0	1	0	0	0	0	0,074583482	0,885714286	0,3	0	0	0	0	0	0	0	0	1	1	0	1	0	3750
0	0	0	0	1	0	0	0	0	0,551334578	0	0	0	0	0	0,266666667	0	0	0	0	1	0,4	0	1	0	4054
0	0	0	0	1	0	0	0	0	0,435577092	0	0	0	0	0	0,333333333	0	0	0	0	1	1	0	1	0	3800
0	0	0	0	1	0	0	0	0	0,331022224	0	0	0	0	0	0,133333333	0	0	0	0	1	0,5	0	1	0	4743
0	0	0	0	1	0	0	0	0	0,311866389	0	0	0	0	0	0,133333333	0	0	0	1	0	1	0	1	0	4000
0	0	0	0	1	0	0	0	0	0,199574593	0	0	0	0	0	0,066666667	0	0	0	0	1	1	0	1	0	3780
0	0	0	0	1	0	0	0	0	0,436181349	0	0	0	0	0	0	0	0,285714286	0	0	1	0,9	0	1	0	4262
0	0	0	0	1	0	0	0	0	0,189202096	0	0	0	0	0	0	0	0,285714286	0	0	1	0,9	0	1	0	4333
0	0	0	0	1	0	0	0	0	0,132402289	0	0	0	0	0	0	0	0,214285714	0	0	1	0,9	0	1	0	4210
0	0	0	0	1	0	0	0	0	0,564873604	0	0	0,367647059	0,066666667	0	0	0	0	0	0	1	0,4	0	0	1	4210
0	0	0	0	1	0	0	0	0	0,328963627	0	0	0,455882353	0,2	0	0	0	0	0	1	0	0,4	0	0	1	3412
0	0	0	0	1	0	0	0	0	0,299369672	0	0	0,352941176	0,133333333	0	0	0	0	0	1	0	0,4	0	0	1	4107
0	0	0	0	1	0	0	0	0	0,270556157	0	0	0,632352941	0,333333333	0	0	0	0	1	0	0	0,8	0	0	1	3533
0	0	0	0	1	0	0	0	0	0,042159453	0	0	0,367647059	0,066666667	0	0	0	0	0	1	0	0,4	0	0	1	3473
0	0	0	0	1	0	0	0	0	0,586417471	0,8	0,1	0	0	0	0	0	0	0	1	0	0,2	0	0	1	5754
0	0	0	0	1	0	0	0	0	0,457232541	1	0,4	0	0	0	0	0	0	1	0	0	0,4	0	0	1	4144
0	0	0	0	1	0	0	0	0	0,399425954	1	0,8	0	0	0	0	0	0	0	0	1	0,4	0	0	1	5625
0	0	0	0	1	0	0	0	0	0,338212054	0,942857143	0,1	0	0	0	0	0	0	0	1	0	0,4	0	0	1	3793
0	0	0	0	1	0	0	0	0	0,076839927	1	0,4	0	0	0	0	0	0	0	0	1	0,4	0	0	1	3767
0	0	0	0	1	0	0	0	0	0,398596234	0	0	0	0	0,094594595	0,266666667	0	0	0	0	1	0,5	0	0	1	4393
0	0	0	0	1	0	0	0	0	0,132402289	0	0	0	0	0	0	0,095744681	0,214285714	0	0	1	0,9	0	0	1	3750
0	0	0	0	0	1	0	0	0	0,809442215	0	0	0,117647059	0,266666667	0	0	0	0	0	0	1	0,8	1	0	0	4000
0	0	0	0	0	1	0	0	0	0,393653984	0	0	0,088235294	0,333333333	0	0	0	0	0	0	1	0,9	1	0	0	5000
0	0	0	0	0	1	0	0	0	0,121834951	0	0	0,014705882	0,2	0	0	0	0	0	1	0	0,5	1	0	0	5151
0	0	0	0	0	1	0	0	0	0,763658747	0,257142857	0,1	0	0	0	0	0	0	0	0	1	0,4	1	0	0	4705
0	0	0	0	0	1	0	0	0	0,352574486	0,085714286	0	0	0	0	0	0	0	1	0	0	0,2	1	0	0	5357
0	0	0	0	0	1	0	0	0	0,246216607	0,142857143	0,1	0	0	0	0	0	0	0	0	1	0,2	1	0	0	4900
0	0	0	0	0	1	0	0	0	0,595841284	0	0	0	0	0	0,066666667	0	0	1	0	0	0,4	1	0	0	3870
0	0	0	0	0	1	0	0	0	0,386891245	0	0	0	0	0	0,066666667	0	0	0	0	1	0,4	1	0	0	5060
0	0	0	0	0	1	0	0	0	0,236514408	0	0	0	0	0	0,266666667	0	0	0	0	1	0,5	1	0	0	4735
0	0	0	0	0	1	0	0	0	0,215386536	0	0	0	0	0	0	0	0,642857143	0	0	1	0,9	1	0	0	5100
0	0	0	0	0	1	0	0	0	0,215386536	0	0	0	0	0	0	0	0,285714286	0	0	1	0,9	1	0	0	5200
0	0	0	0	0	1	0	0	0	0,827023367	0	0	0,235294118	0,066666667	0	0	0	0	0	0	1	0,2	0	1	0	3645
0	0	0	0	0	1	0	0	0	0,380244684	0	0	0,338235294	0,2	0	0	0	0	0	0	1	1	0	1	0	4000
0	0	0	0	0	1	0	0	0	0,117358966	0	0	0,191176471	0,066666667	0	0	0	0	0	0	1	0,5	0	1	0	4555
0	0	0	0	0	1	0	0	0	0,595015845	0,514285714	0,1	0	0	0	0	0	0	0	0	1	0,2	0	1	0	4186
0	0	0	0	0	1	0	0	0	0,346037425	0,542857143	0,1	0	0	0	0	0	0	0	0	1	0,2	0	1	0	5454
0	0	0	0	0	1	0	0	0	0,205612514	0,942857143	0,4	0	0	0	0	0	0	0	0	1	0,4	0	1	0	5862
0	0	0	0	0	1	0	0	0	0,608783006	0	0	0	0	0	0,066666667	0	0	0	0	1	0,2	0	1	0	3844
0	0	0	0	0	1	0	0	0	0,393381219	0	0	0	0	0	0,066666667	0	0	1	0	0	0,2	0	1	0	4111
0	0	0	0	0	1	0	0	0	0,260075063	0	0	0	0	0,033783784	0,266666667	0	0	1	0	0	0,2	0	1	0	3421
0	0	0	0	0	1	0	0	0	0,215386536	0	0	0	0	0	0	0	0,285714286	0	0	1	0,9	0	1	0	5833
0	0	0	0	0	1	0	0	0	0,215386536	0	0	0	0	0	0	0	0,285714286	0	0	1	0,9	0	1	0	5333
0	0	0	0	0	1	0	0	0	0,812252395	0	0	0,647058824	0,333333333	0	0	0	0	0	0	1	0,8	0	0	1	4144
0	0	0	0	0	1	0	0	0	0,423372652	0	0	0,661764706	0,466666667	0	0	0	0	0	1	0	0,8	0	0	1	4935
0	0	0	0	0	1	0	0	0	0,37087373	0	0	0,661764706	0,333333333	0	0	0	0	0	0	1	0,8	0	0	1	5324
0	0	0	0	0	1	0	0	0	0,122937757	0	0	0,573529412	0,266666667	0	0	0	0	0	0	1	0,9	0	0	1	4577
0	0	0	0	0	1	0	0	0	0,633756258	1	0,5	0	0	0	0	0	0	1	0	0	0,2	0	0	1	3260
0	0	0	0	0	1	0	0	0	0,386355271	1	0,4	0	0	0	0	0	0	1	0	0	1	0	0	1	5000
0	0	0	0	0	1	0	0	0	0,368056712	1	0,5	0	0	0	0	0	0	1	0	0	0,4	0	0	1	4285
0	0	0	0	0	1	0	0	0	0,341036955	1	0,4	0	0	0	0	0	0	0	1	0	0,2	0	0	1	3904
0	0	0	0	0	1	0	0	0	0,24081547	1	0,4	0	0	0	0	0	0	0	1	0	0,4	0	0	1	5487
0	0	0	0	0	1	0	0	0	0,828744903	0	0	0	0	0,087837838	0,266666667	0	0	0	0	1	0,5	0	0	1	4000
0	0	0	0	0	1	0	0	0	0,339386241	0	0	0	0	0,094594595	0,266666667	0	0	0	0	1	0,5	0	0	1	3939
0	0	0	0	0	1	0	0	0	0,315563004	0	0	0	0	0,087837838	0,333333333	0	0	0	0	1	1	0	0	1	4615
0	0	0	0	0	1	0	0	0	0,267386768	0	0	0	0	0,202702703	0,333333333	0	0	0	0	1	0,2	0	0	1	4878
0	0	0	0	0	0	1	0	0	0,658383458	0	0	0,088235294	0,266666667	0	0	0	0	0	0	1	1	1	0	0	4526
0	0	0	0	0	0	1	0	0	0,154534405	0	0	0,014705882	0,2	0	0	0	0	0	0	1	0,5	1	0	0	5060
0	0	0	0	0	0	1	0	0	0,00052224	0	0	0,102941176	0,266666667	0	0	0	0	1	0	0	1	1	0	0	4102
0	0	0	0	0	0	1	0	0	0,664803551	0,2	0,1	0	0	0	0	0	0	0	0	1	0,4	1	0	0	5000
0	0	0	0	0	0	1	0	0	0,272815966	0,171428571	0,1	0	0	0	0	0	0	0	0	1	0,2	1	0	0	4677
0	0	0	0	0	0	1	0	0	0,003300728	0,2	0,1	0	0	0	0	0	0	1	0	0	0,2	1	0	0	4343
0	0	0	0	0	0	1	0	0	0,628942483	0	0	0	0	0	0,066666667	0	0	0	0	1	0,2	1	0	0	4375
0	0	0	0	0	0	1	0	0	0,403880385	0	0	0	0	0	0,333333333	0	0	1	0	0	0,5	1	0	0	4571
0	0	0	0	0	0	1	0	0	0,362486704	0	0	0	0	0	0	0	0	0	1	0	0,4	1	0	0	5312
0	0	0	0	0	0	1	0	0	0,34364717	0	0	0	0	0	0,333333333	0	0	0	0	1	0,5	1	0	0	5571
0	0	0	0	0	0	1	0	0	0,239317861	0	0	0	0	0	0,333333333	0	0	0	0	1	0,5	1	0	0	5714
0	0	0	0	0	0	1	0	0	0,008206598	0	0	0	0	0	0,333333333	0	0	0	0	1	0,5	1	0	0	3921
0	0	0	0	0	0	1	0	0	0,309712171	0	0	0	0	0	0	0	0,357142857	0	0	1	0,9	1	0	0	5681
0	0	0	0	0	0	1	0	0	0,309712171	0	0	0	0	0	0	0	0,285714286	0	0	1	0,9	1	0	0	5454
0	0	0	0	0	0	1	0	0	0,675955414	0	0	0,279411765	0,2	0	0	0	0	0	0	1	0,8	0	1	0	5686
0	0	0	0	0	0	1	0	0	0,173980796	0	0	0,323529412	0,266666667	0	0	0	0	0	0	1	0,8	0	1	0	5240
0	0	0	0	0	0	1	0	0	0,000442818	0	0	0,323529412	0,266666667	0	0	0	0	0	0	1	0,8	0	1	0	3172
0	0	0	0	0	0	1	0	0	0,705148978	0,942857143	0,4	0	0	0	0	0	0	0	0	1	0,4	0	1	0	5344
0	0	0	0	0	0	1	0	0	0,282045531	0,6	0,1	0	0	0	0	0	0	0	0	1	0,4	0	1	0	4934
0	0	0	0	0	0	1	0	0	0,003749723	0,542857143	0,1	0	0	0	0	0	0	0	0	1	0,2	0	1	0	3613
0	0	0	0	0	0	1	0	0	0,671286249	0	0	0	0	0	0,066666667	0	0	1	0	0	0,2	0	1	0	4318
0	0	0	0	0	0	1	0	0	0,338212054	0	0	0	0	0	0,266666667	0	0	0	0	1	0,5	0	1	0	5208
0	0	0	0	0	0	1	0	0	0,26924659	0	0	0	0	0	0,133333333	0	0	0	0	1	0,5	0	1	0	5000
0	0	0	0	0	0	1	0	0	0,206040518	0	0	0	0	0	0,066666667	0	0	0	0	1	1	0	1	0	4375
0	0	0	0	0	0	1	0	0	0,075310768	0	0	0	0	0	0,066666667	0	0	0	0	1	0,5	0	1	0	4555
0	0	0	0	0	0	1	0	0	0,309712171	0	0	0	0	0	0	0	0,214285714	0	0	1	0,9	0	1	0	5967
0	0	0	0	0	0	1	0	0	0,309712171	0	0	0	0	0	0	0	0,214285714	0	0	1	0,9	0	1	0	5750
0	0	0	0	0	0	1	0	0	0,644834122	0	0	0,338235294	0,066666667	0	0	0	0	1	0	0	0,2	0	0	1	4000
0	0	0	0	0	0	1	0	0	0,259714772	0	0	0,632352941	0,333333333	0	0	0	0	0	1	0	0,9	0	0	1	5333
0	0	0	0	0	0	1	0	0	0,153893049	0	0	0,411764706	0,133333333	0	0	0	0	0	0	1	0,4	0	0	1	5166
0	0	0	0	0	0	1	0	0	0,000465801	0	0	0,676470588	0,333333333	0	0	0	0	0	0	1	0,8	0	0	1	4487
0	0	0	0	0	0	1	0	0	0,709070015	1	0,3	0	0	0	0	0	0	0	0	1	0,2	0	0	1	5313
0	0	0	0	0	0	1	0	0	0,316000771	1	0,5	0	0	0	0	0	0	0	0	1	0,4	0	0	1	5000
0	0	0	0	0	0	1	0	0	0,312299028	1	0,6	0	0	0	0	0	0	0	1	0	0,4	0	0	1	5306
0	0	0	0	0	0	1	0	0	0,251215951	1	0,3	0	0	0	0	0	0	0	1	0	0,2	0	0	1	4415
0	0	0	0	0	0	1	0	0	0,003161883	1	0,4	0	0	0	0	0	0	0	0	1	0,8	0	0	1	3656
0	0	0	0	0	0	1	0	0	0,306721241	0	0	0	0	0,081081081	0,333333333	0	0	1	0	0	1	0	0	1	5000
0	0	0	0	0	0	1	0	0	0,215984543	0	0	0	0	0,081081081	0,4	0	0	0	0	1	0,5	0	0	1	4218
0	0	0	0	0	0	1	0	0	0,085614559	0	0	0	0	0,094594595	0,266666667	0	0	0	0	1	0,5	0	0	1	3863
0	0	0	0	0	0	1	0	0	0,274142893	0	0	0	0	0	0	0,707446809	0,428571429	0	0	1	0,9	0	0	1	6000
0	0	0	0	0	0	1	0	0	0,205755083	0	0	0	0	0	0	0,085106383	0,428571429	1	0	0	0,9	0	0	1	4615
0	0	0	0	0	0	0	1	0	0,647521496	0	0	0,117647059	0,266666667	0	0	0	0	0	0	1	0,5	1	0	0	4000
0	0	0	0	0	0	0	1	0	0,212568537	0	0	0,117647059	0,333333333	0	0	0	0	0	0	1	0,9	1	0	0	4625
0	0	0	0	0	0	0	1	0	0,044997852	0	0	0,088235294	0,333333333	0	0	0	0	0	0	1	0,8	1	0	0	4605
0	0	0	0	0	0	0	1	0	0,402483065	0,171428571	0,1	0	0	0	0	0	0	0	1	0	0,2	1	0	0	4354
0	0	0	0	0	0	0	1	0	0,272438024	0,257142857	0,4	0	0	0	0	0	0	0	0	1	0,2	1	0	0	4705
0	0	0	0	0	0	0	1	0	0,018287478	0,514285714	0,4	0	0	0	0	0	0	0	0	1	0,2	1	0	0	3837
0	0	0	0	0	0	0	1	0	0,320856471	0	0	0	0	0	0,266666667	0	0	0	0	1	0,5	1	0	0	4285
0	0	0	0	0	0	0	1	0	0,167125059	0	0	0	0	0	0,066666667	0	0	0	0	1	0,2	1	0	0	5000
0	0	0	0	0	0	0	1	0	0,102025378	0	0	0	0	0	0,066666667	0	0	0	1	0	0,2	1	0	0	5161
0	0	0	0	0	0	0	1	0	0,441045679	0	0	0	0	0	0	0	0,214285714	0	0	1	0,4	1	0	0	5384
0	0	0	0	0	0	0	1	0	0,329191727	0	0	0	0	0	0	0	0,571428571	0	0	1	0,4	1	0	0	5000
0	0	0	0	0	0	0	1	0	0,24502485	0	0	0	0	0	0	0	0,285714286	0	0	1	0,9	1	0	0	5111
0	0	0	0	0	0	0	1	0	0,149063606	0	0	0	0	0	0	0	0	0	0	1	0,2	1	0	0	4531
0	0	0	0	0	0	0	1	0	0,095722372	0	0	0	0	0	0	0	0	1	0	0	0,8	1	0	0	4666
0	0	0	0	0	0	0	1	0	0,626766507	0	0	0,161764706	0,066666667	0	0	0	0	0	0	1	0,4	0	1	0	4627
0	0	0	0	0	0	0	1	0	0,233905871	0	0	0,294117647	0,2	0	0	0	0	0	1	0	0,5	0	1	0	4615
0	0	0	0	0	0	0	1	0	0,207329883	0	0	0,205882353	0,066666667	0	0	0	0	0	0	1	0,4	0	1	0	3869
0	0	0	0	0	0	0	1	0	0,044966673	0	0	0,205882353	0,133333333	0	0	0	0	0	0	1	0,5	0	1	0	4717
0	0	0	0	0	0	0	1	0	0,61471943	0,428571429	0,1	0	0	0	0	0	0	0	0	1	0,4	0	1	0	4375
0	0	0	0	0	0	0	1	0	0,247242725	0,514285714	0,1	0	0	0	0	0	0	0	0	1	0,2	0	1	0	3837
0	0	0	0	0	0	0	1	0	0,099373154	0,457142857	0,1	0	0	0	0	0	0	1	0	0	0,2	0	1	0	4024
0	0	0	0	0	0	0	1	0	0,340564505	0	0	0	0	0	0,133333333	0	0	0	1	0	0,5	0	1	0	4285
0	0	0	0	0	0	0	1	0	0,153360619	0	0	0	0	0	0,066666667	0	0	0	0	1	0,2	0	1	0	4186
0	0	0	0	0	0	0	1	0	0,091886706	0	0	0	0	0	0,066666667	0	0	1	0	0	0,2	0	1	0	4000
0	0	0	0	0	0	0	1	0	0,36148307	0	0	0	0	0	0	0,021276596	0,5	0	0	1	0,4	0	1	0	4833
0	0	0	0	0	0	0	1	0	0,319303436	0	0	0	0	0	0	0,015957447	0,357142857	0	0	1	0,4	0	1	0	4615
0	0	0	0	0	0	0	1	0	0,319303436	0	0	0	0	0	0	0,015957447	0,357142857	0	0	1	0,4	0	1	0	4923
0	0	0	0	0	0	0	1	0	0,293819078	0	0	0	0	0	0	0,095744681	0,571428571	0	0	1	0,4	0	1	0	4375
0	0	0	0	0	0	0	1	0	0,216734387	0	0	0	0	0	0	0	0	1	0	0	1	0	1	0	4852
0	0	0	0	0	0	0	1	0	0,10388073	0	0	0	0	0	0	0	0	0	0	1	0,2	0	1	0	4304
0	0	0	0	0	0	0	1	0	0,632439768	0	0	0,411764706	0,133333333	0	0	0	0	0	0	1	0,2	0	0	1	4333
0	0	0	0	0	0	0	1	0	0,219303384	0	0	0,308823529	0,066666667	0	0	0	0	0	0	1	0,4	0	0	1	3886
0	0	0	0	0	0	0	1	0	0,047695599	0	0	0,470588235	0,133333333	0	0	0	0	0	0	1	0,5	0	0	1	3984
0	0	0	0	0	0	0	1	0	0,370359946	0,857142857	0,1	0	0	0	0	0	0	0	0	1	0,2	0	0	1	4000
0	0	0	0	0	0	0	1	0	0,239649856	1	0,5	0	0	0	0	0	0	0	0	1	0,2	0	0	1	5000
0	0	0	0	0	0	0	1	0	0,102806256	1	1	0	0	0	0	0	0	0	0	1	0,8	0	0	1	5609
0	0	0	0	0	0	0	1	0	0,333324665	0	0	0	0	0,128378378	0,333333333	0	0	0	1	0	0,5	0	0	1	3788
0	0	0	0	0	0	0	1	0	0,102735021	0	0	0	0	0,040540541	0,133333333	0	0	0	0	1	0,2	0	0	1	4568
0	0	0	0	0	0	0	1	0	0,441045679	0	0	0	0	0	0	0,042553191	0,285714286	0	0	1	0,4	0	0	1	5714
0	0	0	0	0	0	0	1	0	0,349654017	0	0	0	0	0	0	0,287234043	0,642857143	0	0	1	0,4	0	0	1	4353
0	0	0	0	0	0	0	1	0	0,329191727	0	0	0	0	0	0	0,255319149	0,428571429	0	0	1	0,4	0	0	1	4181
0	0	0	0	0	0	0	1	0	0,300825753	0	0	0	0	0	0	0,234042553	0,428571429	0	1	0	0,2	0	0	1	5660
0	0	0	0	0	0	0	1	0	0,278548409	0	0	0	0	0	0	0,132978723	0,285714286	0	0	1	0,4	0	0	1	5747
0	0	0	0	0	0	0	1	0	0,24502485	0	0	0	0	0	0	0,154255319	0,285714286	0	1	0	0,9	0	0	1	4725
0	0	0	0	0	0	0	0	1	0,748461491	0	0	0,044117647	0,2	0	0	0	0	1	0	0	0,8	1	0	0	4857
0	0	0	0	0	0	0	0	1	0,508035068	0	0	0,014705882	0,066666667	0	0	0	0	1	0	0	0,4	1	0	0	5606
0	0	0	0	0	0	0	0	1	0,25809963	0	0	0	0,066666667	0	0	0	0	0	0	1	0,2	1	0	0	4354
0	0	0	0	0	0	0	0	1	0,875391328	0,571428571	0,9	0	0	0	0	0	0	0	0	1	0,5	1	0	0	5333
0	0	0	0	0	0	0	0	1	0,527776855	0,142857143	0,1	0	0	0	0	0	0	0	0	1	0,4	1	0	0	4933
0	0	0	0	0	0	0	0	1	0,208916736	0,085714286	0,1	0	0	0	0	0	0	0	0	1	0,2	1	0	0	4642
0	0	0	0	0	0	0	0	1	0,808881347	0	0	0	0	0	0,266666667	0	0	0	0	1	0,4	1	0	0	3000
0	0	0	0	0	0	0	0	1	0,504525813	0	0	0	0	0	0,133333333	0	0	0	0	1	0,4	1	0	0	5625
0	0	0	0	0	0	0	0	1	0,264071403	0	0	0	0	0	0,333333333	0	0	0	0	1	0,5	1	0	0	6000
0	0	0	0	0	0	0	0	1	0,6853914	0	0	0	0	0	0	0	0,071428571	0	0	1	0,9	1	0	0	5500
0	0	0	0	0	0	0	0	1	0,509445595	0	0	0	0	0	0	0	0,214285714	0	0	1	0,9	1	0	0	5300
0	0	0	0	0	0	0	0	1	0,509445595	0	0	0	0	0	0	0	0,285714286	0	0	1	0,9	1	0	0	5000
0	0	0	0	0	0	0	0	1	0,830470022	0	0	0,323529412	0,266666667	0	0	0	0	0	0	1	0,8	0	1	0	5000
0	0	0	0	0	0	0	0	1	0,502431907	0	0	0,191176471	0,066666667	0	0	0	0	1	0	0	0,5	0	1	0	5333
0	0	0	0	0	0	0	0	1	0,236186757	0	0	0,088235294	0,133333333	0	0	0	0	0	0	1	0,4	0	1	0	5263
0	0	0	0	0	0	0	0	1	0,815072331	1	0,6	0	0	0	0	0	0	0	0	1	0,2	0	1	0	5419
0	0	0	0	0	0	0	0	1	0,540737378	1	0,6	0	0	0	0	0	0	0	0	1	0,9	0	1	0	4492
0	0	0	0	0	0	0	0	1	0,235532815	0,6	0,4	0	0	0	0	0	0	0	0	1	0,2	0	1	0	3847
0	0	0	0	0	0	0	0	1	0,677362486	0	0	0	0	0	0,066666667	0	0	0	0	1	0,2	0	1	0	4666
0	0	0	0	0	0	0	0	1	0,510152326	0	0	0	0	0	0,266666667	0	0	0	1	0	0,5	0	1	0	5106
0	0	0	0	0	0	0	0	1	0,298954945	0	0	0	0	0	0	0	0	0	0	1	0,2	0	1	0	4761
0	0	0	0	0	0	0	0	1	0,583983694	0	0	0	0	0	0	0	0,5	0	0	1	0,9	0	1	0	5416
0	0	0	0	0	0	0	0	1	0,509445595	0	0	0	0	0	0	0	0,214285714	0	0	1	0,9	0	1	0	5300
0	0	0	0	0	0	0	0	1	0,509445595	0	0	0	0	0	0	0,021276596	0,357142857	0	0	1	0,9	0	1	0	4469
0	0	0	0	0	0	0	0	1	0,494142822	0	0	0	0	0	0	0,015957447	0,285714286	0	0	1	0,9	0	1	0	4615
0	0	0	0	0	0	0	0	1	0,857970529	0	0	0,514705882	0,266666667	0	0	0	0	0	0	1	1	0	0	1	5820
0	0	0	0	0	0	0	0	1	0,538866569	0	0	0,411764706	0,066666667	0	0	0	0	1	0	0	0,5	0	0	1	4833
0	0	0	0	0	0	0	0	1	0,223756264	0	0	0,691176471	0,533333333	0	0	0	0	0	0	1	0,8	0	0	1	5379
0	0	0	0	0	0	0	0	1	0,862143544	1	0,3	0	0	0	0	0	0	0	0	1	0,2	0	0	1	4358
0	0	0	0	0	0	0	0	1	0,554400318	1	1	0	0	0	0	0	0	0	0	1	0,2	0	0	1	5333
0	0	0	0	0	0	0	0	1	0,233743796	1	0,5	0	0	0	0	0	0	0	0	1	0,4	0	0	1	4000
0	0	0	0	0	0	0	0	1	0,303969817	0	0	0	0	0,087837838	0,266666667	0	0	0	0	1	0,5	0	0	1	4461
0	0	0	0	0	0	0	0	1	0,256494533	0	0	0	0	0,087837838	0,333333333	0	0	0	1	0	1	0	0	1	4615
0	0	0	0	0	0	0	0	1	0,509445595	0	0	0	0	0	0	0,117021277	0,285714286	0	0	1	0,9	0	0	1	4761
0	0	0	0	0	0	0	0	1	0,509445595	0	0	0	0	0	0	0,117021277	0,285714286	0	0	1	0,9	0	0	1	4583
0	0	0	0	0	0	0	0	1	0,494142822	0	0	0	0	0	0	0,106382979	0,285714286	0	0	1	0,9	0	0	1	5121
