15	0,229453	31	0,229453	5016	0,089410	5016	0,090074	10016	0,087074	10016	0,087090	15016	0,087035	15016	0,086922	20048	0,087023	20048	0,087008	25017	0,087000	25017	0,087000	30017	0,087002	30017	0,087040	35033	0,086984	35017	0,086984	40018	0,086982	40033	0,086941	45018	0,086967	45018	0,087100	50018	0,086963	50018	0,086952	
62	0,214583	62	0,206642	5094	0,089329	5078	0,089589	10047	0,087076	10047	0,087076	15047	0,087038	15063	0,087038	20095	0,087023	20110	0,087023	25064	0,087002	25064	0,087002	30064	0,087002	30064	0,087005	35080	0,086982	35080	0,086982	40080	0,086981	40080	0,086981	45065	0,086994	45065	0,087006	50065	0,086971	50065	0,086959	
94	0,192994	109	0,185573	5188	0,089251	5172	0,089498			10094	0,087061			15094	0,087027			20157	0,087017							30111	0,086992							40127	0,086976	45112	0,086985	45112	0,086975	50112	0,086998	50112	0,086989	
140	0,172953	156	0,166138	5281	0,089183	5266	0,089446			10141	0,087056			15141	0,087023			20204	0,087008							30158	0,086987							40174	0,086971	45143	0,086961	45159	0,086967	50143	0,086996	50159	0,086990	
172	0,154815	187	0,148823	5391	0,089120	5359	0,089366			10188	0,087051							20251	0,087004							30205	0,086984							40221	0,086967	45190	0,086956	45205	0,086963					
219	0,138964	234	0,134039	5453	0,089105	5438	0,089292			10235	0,087044							20298	0,087000																	45237	0,086952							
250	0,125800	265	0,121857	5500	0,089010	5547	0,089237			10282	0,087039																																	
281	0,116173	312	0,113675	5547	0,088940	5594	0,089157			10328	0,087035																																	
328	0,110673	344	0,109602	5609	0,089015	5703	0,089085																																					
359	0,109120	390	0,108865	5672	0,088811	5781	0,089040																																					
390	0,108957	437	0,108547	5719	0,088822	5875	0,088997																																					
437	0,108651	469	0,108311	5766	0,088716	5938	0,088924																																					
469	0,108383	515	0,107982	5828	0,088660	6031	0,088847																																					
500	0,108130	547	0,107883	5891	0,088570	6125	0,088798																																					
547	0,107956	578	0,107697	5938	0,088529	6172	0,088742																																					
578	0,107762	625	0,107437	5984	0,088471	6219	0,088690																																					
609	0,107488	656	0,107196	6047	0,088439	6266	0,088650																																					
656	0,107243	703	0,106961	6109	0,088361	6297	0,088571																																					
687	0,106991	734	0,106775	6156	0,088310	6344	0,088533																																					
719	0,106749	781	0,106589	6203	0,088263	6375	0,088506																																					
765	0,106532	812	0,106399	6250	0,088222	6422	0,088446																																					
797	0,106338	859	0,106197	6297	0,088184	6469	0,088399																																					
844	0,106151	906	0,106037	6344	0,088142	6500	0,088351																																					
890	0,105939	937	0,105885	6375	0,088120	6547	0,088305																																					
922	0,105770	984	0,105692	6422	0,088064	6594	0,088261																																					
969	0,105633	1031	0,105498	6469	0,088015	6625	0,088210																																					
1000	0,105410	1078	0,105358	6516	0,088468	6672	0,088184																																					
1047	0,105233	1109	0,105157	6563	0,087927	6719	0,088184																																					
1078	0,105074	1156	0,104968	6610	0,087972																																							
1125	0,104862	1203	0,104792	6656	0,087913																																							
1156	0,104680	1234	0,104642	6703	0,087863																																							
1203	0,104512	1281	0,104577	6735	0,087818																																							
1234	0,104435	1312	0,104342	6781	0,087780																																							
1281	0,104295	1359	0,104212	6828	0,087743																																							
1312	0,104152	1390	0,104131	6875	0,087706																																							
1359	0,103954	1437	0,104018	6906	0,087668																																							
1390	0,103862	1484	0,103818	6953	0,087632																																							
1437	0,103774	1515	0,103666	6985	0,087597																																							
1469	0,103597	1562	0,103456	7031	0,087562																																							
1515	0,103420	1609	0,103308	7078	0,087528																																							
1547	0,103207	1640	0,103134	7125	0,087495																																							
1594	0,103030	1687	0,102931	7172	0,087461																																							
1625	0,102823	1734	0,102709	7219	0,087429																																							
1672	0,102623	1781	0,102492	7266	0,087396																																							
1703	0,102392	1812	0,102286	7297	0,087364																																							
1750	0,102199	1859	0,102077	7344	0,087339																																							
1797	0,101977	1906	0,101865	7391	0,087328																																							
1828	0,101774	1937	0,101642	7422	0,087317																																							
1875	0,101579	1984	0,101404	7469	0,087304																																							
1922	0,101391	2015	0,101183	7516	0,087293																																							
1953	0,101214	2078	0,100954	7547	0,087285																																							
2000	0,101025	2109	0,100709	7594	0,087268																																							
2031	0,100745	2156	0,100472	7641	0,087253																																							
2078	0,100529	2187	0,100223	7672	0,087239																																							
2140	0,100294	2234	0,099953	7719	0,087233																																							
2172	0,100074	2281	0,099716	7766	0,087228																																							
2219	0,099835	2328	0,099480	7813	0,087218																																							
2250	0,099579	2375	0,099254	7844	0,087213																																							
2297	0,099349	2406	0,099018	7891	0,087203																																							
2344	0,099141	2453	0,098772	7938	0,087195																																							
2375	0,098945	2484	0,098538	7985	0,087183																																							
2422	0,098742	2531	0,098298	8016	0,087175																																							
2453	0,098523	2578	0,098041	8063	0,087167																																							
2500	0,098335	2609	0,097793	8110	0,087159																																							
2547	0,098054	2656	0,097561	8141	0,087151																																							
2594	0,097838	2703	0,097345	8188	0,087142																																							
2625	0,097662	2750	0,097112	8235	0,087135																																							
2672	0,097434	2797	0,096889	8281	0,087129																																							
2719	0,097248	2828	0,096651	8328	0,087124																																							
2750	0,097034	2875	0,096411	8360	0,087118																																							
2797	0,096800	2937	0,096220	8406	0,087111																																							
2844	0,096615	3000	0,096034	8453	0,087104																																							
2891	0,096379	3062	0,095825	8500	0,087095																																							
2984	0,096206	3109	0,095617	8547	0,087089																																							
3078	0,095891	3141	0,095408	8578	0,087085																																							
3125	0,095715	3187	0,095205	8625	0,087078																																							
3156	0,095526	3234	0,094994	8672	0,087074																																							
3203	0,095331	3281	0,094744																																									
3234	0,095129	3328	0,094549																																									
3281	0,094927	3375	0,094418																																									
3328	0,094778	3422	0,094260																																									
3375	0,094687	3469	0,094034																																									
3406	0,094566	3516	0,093948																																									
3453	0,094355	3562	0,093714																																									
3500	0,094155	3609	0,093507																																									
3547	0,093937	3656	0,093296																																									
3594	0,093720	3703	0,093083																																									
3625	0,093512	3750	0,092918																																									
3672	0,093318	3797	0,092676																																									
3719	0,093167	3844	0,092471																																									
3766	0,092983	3891	0,092286																																									
3812	0,092762	3937	0,092106																																									
3859	0,092552	3984	0,091956																																									
3891	0,092347	4016	0,091869																																									
3937	0,092220	4062	0,091749																																									
3984	0,092061	4109	0,091629																																									
4016	0,091918	4141	0,091458																																									
4062	0,091856	4172	0,091294																																									
4094	0,091722	4219	0,091121																																									
4141	0,091572	4266	0,090996																																									
