1000
3
-5 3 1
4 -2 1
5
1 5 2 3 4
1 0 0 1 1
3
154 974 243
-75 -247 8
8
877 -667 -691 -55 283 -915 -860 940
153 -566 608 -215 -994 -976 -542 847
4
-469 783 -711 353
974 905 -916 735
8
723 -826 -335 -556 836 519 761 664
800 -864 724 -832 -534 -816 77 -719
6
885 -645 -932 289 -644 983
866 -978 -902 965 763 955
7
-863 844 673 363 504 561 -638
578 -131 388 -224 942 -277 -975
2
-620 986
-357 -808
6
437 -796 -153 -869 575 -376
252 -490 146 485 -455 -757
1
260
441
4
-422 282 63 -89
-809 -997 408 200
2
-2 -683
178 -55
5
-842 647 -485 -977 166
620 164 -496 -807 858
7
646 -216 862 -487 -124 193 -901
-287 785 362 -580 995 16 -880
6
988 328 -399 -844 538 542
-915 806 -998 896 751 534
4
-250 -380 81 -226
-725 -136 -486 -735
6
377 890 200 -127 -355 120
283 308 783 907 59 160
8
946 -783 22 -271 -954 569 840 802
886 758 -610 -301 -225 -777 733 715
8
-139 452 246 580 -83 25 916 -565
-517 -894 329 -126 -928 -175 44 -1
7
779 -362 764 919 64 -705 821
922 -685 183 -816 746 723 732
8
-862 729 -589 -846 769 -86 -730 875
-27 884 474 643 -957 785 358 658
6
365 956 395 808 58 686
-696 313 950 -163 -951 486
4
913 -610 664 242
843 -476 804 939
4
470 -131 -724 931
-953 -872 -898 -781
4
-314 225 64 248
-434 -193 703 522
7
-893 -955 -337 837 993 64 278
99 975 -745 -603 -204 -907 527
2
679 -235
-878 -789
6
-180 185 -403 208 126 -192
3 336 -34 -184 -90 553
5
-641 -983 -181 -556 268
4 709 244 -190 25
4
-516 285 998 185
186 -595 286 -512
7
-546 281 -37 253 510 -839 920
903 482 83 -277 -415 980 -416
7
-762 -296 -940 460 963 279 528
-957 -864 -938 705 702 921 965
7
-517 871 312 62 -622 111 681
294 383 -242 772 -186 507 -200
6
651 736 981 -721 83 -125
-349 -555 406 -724 206 908
7
-439 -839 -735 -998 930 829 3
614 794 613 986 -700 -199 -923
5
-853 -535 -667 -875 692
-884 844 828 -552 -812
8
-871 -980 -823 -951 -427 -704 608 898
447 687 718 970 -180 186 -495 897
8
-987 -736 421 275 943 -280 -74 -881
-889 773 814 -843 977 -566 969 693
1
977
-726
5
657 403 -358 -452 11
82 94 -460 89 -742
8
594 -859 786 182 498 759 249 942
975 -538 30 -944 449 224 -576 822
5
576 891 957 439 -510
-954 -312 989 730 678
8
-285 103 -250 402 -835 -878 419 633
499 761 -474 -122 166 992 72 578
5
-654 566 878 926 -959
182 712 -55 -184 801
8
22 -188 46 -244 -885 -641 232 268
-894 259 -837 369 -986 -313 -763 -968
2
206 566
-463 -700
6
-890 -502 -820 957 -830 -733
-687 -941 974 -384 -814 -992
7
-77 578 494 335 -223 714 280
-395 83 -502 -441 -8 516 -26
8
-733 -440 -125 -462 143 -799 596 144
428 -7 600 -768 347 -178 255 25
6
91 49 798 667 -793 462
-930 -928 -603 -371 -291 551
6
-105 271 962 949 661 503
479 192 -535 -605 927 -996
1
903
-456
7
492 -668 935 556 -820 -718 -985
933 -838 -583 441 -932 -885 961
7
364 -383 -994 887 973 -904 913
235 -444 -975 -863 905 -239 814
6
795 -816 808 -641 -755 796
-887 -976 -633 -565 -967 718
8
679 452 131 -980 -485 109 -995 -906
-995 -888 -274 -996 953 -634 328 -561
8
-412 -929 -836 -959 -507 203 416 970
-498 808 -949 -780 856 781 -831 -902
7
18 910 766 -985 -628 880 905
-395 986 791 -976 787 797 709
6
-124 891 806 852 -578 755
-972 -551 123 -556 874 984
5
311 543 153 -767 -445
-583 -541 -558 634 322
8
388 -765 879 331 197 694 816 -706
401 647 -170 -245 -536 -715 -842 274
8
267 -450 -103 152 496 6 -141 410
-606 165 848 350 -495 -511 -286 803
7
-137 66 -532 43 -222 -444 846
387 -978 -393 702 22 149 -522
7
998 -885 -672 -877 -906 -752 507
902 -362 -819 677 -765 -745 979
7
130 192 -429 917 692 -197 726
355 2 765 -759 275 -106 -835
5
901 948 965 486 -801
915 960 896 169 -788
6
80 -58 -470 953 -221 825
668 -321 -300 155 -274 -247
7
1000 652 956 -819 460 -903 -659
-70 -903 830 694 -422 -142 -964
8
963 922 415 644 990 -924 -54 463
-265 -648 634 265 -741 383 -552 -953
6
-564 723 719 659 756 -707
944 398 -904 -941 -778 8
7
288 861 -733 484 639 -982 -908
-651 844 992 555 -808 888 -965
8
271 -440 162 750 384 -239 11 629
8 64 -3 -691 68 -233 423 807
3
972 945 -568
679 -650 388
1
476
-533
6
91 919 601 463 -31 -488
-1 114 -371 -1000 -9 592
8
605 108 -755 -872 611 -357 -115 -279
686 759 -417 -70 919 424 125 464
6
562 -772 -294 50 -380 -540
613 -967 -364 269 -135 333
4
-564 871 817 886
-246 -492 -903 -298
1
-382
-79
3
-249 330 -531
742 117 133
6
986 -608 250 899 663 -287
94 95 -560 420 -402 71
8
-16 -454 -715 -335 881 -162 -256 445
435 842 944 -800 -900 336 -134 914
3
894 853 258
-826 -859 -143
3
639 -133 660
44 552 -290
7
512 -865 -525 -986 284 987 959
860 991 -884 -481 -884 966 33
5
344 400 700 -890 265
-718 206 -94 656 441
6
-518 -53 355 -681 -971 -233
388 550 -96 -267 22 -156
8
70 789 -962 445 703 -605 -204 -390
190 324 -517 940 -125 -687 740 887
7
607 -806 -417 -996 83 -591 -605
-949 214 -807 444 -366 -838 537
5
-620 855 -336 244 409
-333 145 -169 123 243
2
374 -174
310 202
8
-550 845 883 676 618 133 -719 488
-994 600 118 -950 238 53 997 -433
1
709
274
5
-47 611 -861 263 -788
-998 887 875 966 -733
4
-673 -694 104 708
535 -705 857 -712
3
47 -718 -219
-445 -415 -810
3
-595 -329 687
988 -105 -484
6
-399 623 -820 204 -739 -813
969 489 -695 895 -799 997
8
352 970 164 641 807 -14 856 -666
804 816 -446 284 -911 634 906 885
5
407 385 112 236 145
10 -406 -589 -29 -225
6
243 -988 -968 -545 -722 -833
-40 -826 -297 453 -674 767
8
840 -633 -817 -979 704 607 -170 -691
-429 493 -46 -439 273 -505 932 962
7
383 -882 -705 -323 502 786 537
-655 554 630 -808 -440 -740 -379
7
-790 -246 -539 824 -6 -784 -475
332 -405 146 413 821 913 713
7
980 -820 -310 697 815 -976 -420
-391 77 671 768 -700 729 -969
7
-141 972 699 959 941 -933 562
-897 937 701 218 613 -748 -20
7
786 -817 -459 699 529 -938 949
-580 724 -932 -293 310 719 852
3
-208 518 -900
-684 -808 -708
5
-848 -143 588 -899 -992
-618 538 371 791 980
4
-7 -864 -477 -769
-106 -830 -272 -811
6
493 -384 -115 775 -708 200
-431 -166 -675 -441 224 -546
7
-242 932 -431 -974 949 971 -928
-767 828 650 470 -824 -967 -577
6
312 751 831 -958 -626 -769
972 731 -216 -976 -999 463
1
270
77
6
-162 18 121 -608 -39 -512
834 -202 393 -223 0 172
6
-880 939 -544 55 207 -694
859 -415 478 264 -230 -468
5
-967 887 909 -313 732
-858 685 783 419 333
8
-887 -862 -903 -803 330 333 -852 708
-561 665 -626 436 -926 161 54 -397
2
400 13
-587 -146
5
-750 -767 -669 96 924
-323 -942 721 949 -712
2
-294 983
-670 194
1
-126
-705
6
-636 77 -634 -507 -636 -512
-179 -387 -558 785 -331 -804
8
-971 598 895 -982 -791 996 610 -651
-838 -602 -400 544 -868 -609 862 -643
6
599 -272 353 -160 32 -66
-210 50 668 -298 564 -625
8
643 -432 -978 -674 -864 772 -396 -910
799 -935 834 990 -351 502 184 917
7
-509 -451 103 -344 -145 237 227
126 165 361 404 188 -193 123
7
872 983 905 -414 -753 -144 443
348 -308 -889 939 -922 985 -651
8
-337 -847 -247 -866 -883 -520 810 130
-516 921 -567 -191 942 -871 -859 -579
8
-594 956 687 -771 785 844 154 313
-945 642 995 684 519 827 771 -403
8
-75 558 232 -848 897 -476 -633 42
-978 491 -288 204 904 314 -97 474
7
-143 -555 928 584 -583 -801 247
-493 237 415 -15 205 -693 16
8
-494 544 759 -344 -673 -383 -79 632
-614 457 -527 495 -999 -832 -699 -849
8
751 523 763 613 650 135 911 -42
443 -132 -205 954 -256 -641 -857 760
2
-955 968
308 880
4
-792 984 406 -90
894 -772 884 976
1
-655
-841
4
-112 724 18 -148
277 -517 -871 12
8
-986 -441 -522 194 924 -84 -313 853
332 -814 -769 798 613 -145 107 -861
8
-558 798 -97 633 472 269 583 616
-292 -265 808 730 680 -304 727 983
7
526 876 -256 -213 -777 873 -182
225 -665 -257 -350 669 896 -394
8
-647 -419 -970 977 848 751 -483 -947
-570 976 -975 -544 901 -707 140 918
6
-888 479 929 950 552 -44
834 783 830 -970 -900 726
6
-687 -314 131 -809 -789 276
-562 864 -856 818 -696 -456
6
677 -967 -898 -222 -971 798
874 702 934 -959 -998 -17
6
-713 257 471 -36 292 664
88 -130 -476 342 61 -946
8
504 504 504 504 504 504 504 504
504 504 504 504 504 504 504 504
7
-676 -100 -869 551 -698 -747 -149
-605 300 117 581 758 612 173
8
-981 163 802 624 524 -800 -759 -862
785 -745 950 752 -311 -810 -554 839
5
-610 639 517 -516 395
824 -409 -476 84 -631
4
953 -412 -451 706
-726 134 367 -846
8
882 -804 -543 -955 -162 -632 200 608
-932 -813 842 262 938 995 907 -883
8
664 268 608 -128 451 -826 -619 -993
843 -547 -548 956 83 53 -897 994
7
579 221 839 872 810 -490 -857
-638 475 -905 902 969 162 690
6
-790 346 -921 -36 -955 923
-722 -987 -743 -853 -800 617
5
251 586 -258 -70 -102
60 586 -842 -135 208
7
718 -22 -542 -604 -507 258 514
-613 833 -801 715 -705 -942 885
8
524 29 244 -430 -421 -52 -259 -463
365 19 44 -510 267 115 -111 -491
1
761
590
7
809 -987 -483 922 -797 -942 733
843 643 -699 -749 -639 -739 -898
8
977 914 635 -794 945 -999 501 919
-831 811 -820 686 655 -85 763 717
6
766 -768 240 336 -726 670
337 717 427 -544 -962 77
7
-750 757 933 933 809 -272 -976
379 938 -604 701 -435 -300 -819
5
-552 914 -875 -236 921
-994 250 -665 776 -819
5
-6 -21 21 -806 -459
-311 469 273 3 568
8
-47 -103 -103 417 496 393 -979 -825
-379 -697 46 -463 -979 280 -493 828
4
131 -450 -10 578
-471 -600 -979 -378
7
385 493 -19 -848 336 249 104
-923 629 -998 772 641 279 982
3
717 852 916
544 -546 -309
8
694 -421 -886 890 -809 -521 946 915
885 803 334 976 927 -170 -646 -728
6
-240 -282 617 117 232 -38
336 193 293 -646 38 10
4
-914 514 321 -713
-947 -853 -518 433
8
65 -387 -580 -687 -29 -513 -546 602
920 -569 -268 -623 391 276 -656 -281
8
-300 896 613 874 973 634 178 996
-682 366 664 902 -536 -576 -361 -560
6
-131 -39 -149 -976 112 598
-413 -85 -708 -156 95 597
1
-727
-225
8
-63 -120 -573 -721 563 293 -441 -196
364 41 -117 328 391 -102 -76 324
6
-452 -972 589 908 -691 -688
786 -475 929 -861 -448 -356
6
627 -590 344 605 553 -258
294 -93 753 -750 197 -217
6
-953 351 805 -897 -856 957
793 -302 -811 300 -923 -924
5
-390 -339 -82 -132 -222
240 958 503 -56 267
8
-687 -730 -823 -674 951 -131 -166 -986
-851 955 -711 168 977 -485 -664 537
4
-221 -397 458 -86
799 334 36 -760
6
-359 -139 568 692 11 -791
503 -634 -579 192 330 -416
7
-713 -978 -190 648 254 -177 -346
-191 699 -977 484 -623 -669 -829
8
599 -738 -91 76 85 -442 31 -389
-146 -210 69 238 -943 316 -371 -27
7
758 -732 2 871 895 -814 768
376 -123 -761 822 -797 -760 894
5
-650 -929 744 -169 -953
764 -960 209 359 -875
6
180 212 -70 295 -782 524
-922 -536 -504 -306 680 551
1
-744
-918
3
-35 -182 -900
-779 -491 -525
7
-570 -930 693 -794 -880 246 -484
-464 -673 -601 440 502 -758 709
8
-992 533 -569 651 -864 -801 -962 -881
904 -879 -901 753 -517 -903 467 752
7
-93 9 70 608 538 -119 83
-182 -12 -116 160 -576 -892 530
8
-659 707 -108 372 138 -607 537 694
24 978 -539 -434 -507 -766 922 -238
5
963 980 -517 315 -798
992 774 -199 940 -138
4
174 178 -121 -644
-54 421 -157 -830
8
-779 219 -488 93 61 -430 38 -475
-677 -854 261 -778 -827 852 256 82
8
-422 139 580 397 -618 1 994 -8
768 944 567 -45 -799 804 38 159
2
974 304
-838 -662
6
155 804 978 882 665 73
699 -626 984 54 -333 507
2
62 928
-269 675
7
-637 -636 765 805 -845 577 -657
-558 -794 -996 947 981 -855 633
7
500 -650 619 -681 -814 -68 498
-45 857 -884 -671 362 393 -364
7
774 -159 -401 682 -980 -745 -965
684 697 882 597 298 -211 261
4
349 -495 829 -856
397 -96 -912 -870
5
-806 797 901 767 690
719 -766 626 -232 -593
5
-434 467 -834 727 454
688 82 -397 -145 411
2
441 -815
729 827
7
419 -20 962 -977 686 218 -174
-631 -61 9 383 67 193 -596
8
887 -970 874 -837 -981 -406 744 -83
-818 -841 -662 889 764 -613 -490 -108
1
-599
-791
8
-968 -772 86 44 -942 926 -766 -935
-534 -127 -333 -648 995 228 -690 -956
8
547 -658 408 -995 -865 -798 966 960
458 -932 -748 -946 -453 -829 992 -849
6
-176 -689 -651 1 -794 232
71 72 279 -311 279 566
5
742 -516 469 937 -323
-982 823 716 -758 -772
8
-870 667 -646 -727 -955 -559 -338 426
856 -992 618 658 -757 671 360 981
8
-862 986 955 -314 -742 -866 -856 -567
841 764 -933 -219 -694 -17 -818 828
8
544 284 -820 801 -252 651 -827 756
-988 869 531 54 933 -893 865 325
8
221 -816 -969 -722 -809 761 -48 -433
-795 874 -983 132 -537 -887 622 596
7
-821 -802 -917 517 -691 800 961
745 262 -588 492 -497 -382 -836
6
683 951 39 192 670 -349
-551 604 -875 -167 192 517
4
457 498 816 811
-710 767 601 421
1
426
874
8
-370 45 -598 -148 893 -106 899 -257
-264 -598 884 96 -764 -862 -398 958
4
801 -902 -728 884
-997 704 935 977
7
-492 605 391 462 -701 612 60
-671 224 229 -17 638 -409 -496
2
686 -193
724 -992
7
232 798 420 -116 -48 -867 -866
972 491 -564 973 647 802 369
5
906 873 54 349 905
-988 892 -86 -758 -953
8
156 81 239 825 -422 -926 -875 -177
-189 -835 -510 -208 -260 939 -251 -684
7
-541 -924 283 -238 986 -924 -913
879 -284 -745 -786 -148 -227 981
3
809 -464 -637
-991 -765 -702
2
701 870
-476 -641
7
824 434 -63 -186 -666 584 489
75 191 -262 264 944 824 -743
8
541 -300 760 982 -625 -294 -923 -719
-922 941 604 496 -258 518 827 -977
4
495 630 452 61
-564 -242 -908 319
8
1000 998 1000 998 994 992 997 990
991 994 990 995 990 998 991 996
1
179
-938
1
728
-182
2
688 863
988 -954
3
-97 -570 412
344 -335 -521
8
96 714 -445 414 -115 906 -629 911
-945 237 -466 -815 736 -990 639 863
5
596 -704 75 179 -868
-962 -559 -762 -912 750
7
-726 -526 244 841 -880 -644 773
784 708 -318 -396 709 607 -10
4
-210 382 -844 -41
-17 -240 -385 82
8
-987 393 -808 488 424 856 -729 -961
681 -746 -602 -901 -457 548 593 134
6
-182 825 990 -276 890 978
82 -413 -539 -760 660 898
1
-158
-420
8
-89 980 -413 -712 969 -763 -925 927
807 -158 -935 310 542 -224 631 779
6
-502 -798 763 -968 -936 788
686 931 540 -30 776 -733
5
-972 325 663 387 158
-683 328 -952 667 -488
6
665 951 555 -726 -726 -837
865 953 711 46 -932 -793
6
-218 228 -526 -895 -268 371
145 787 234 880 -522 -244
8
832 307 -954 449 -634 495 -139 376
-226 93 -205 -625 308 -746 177 987
5
-29 896 522 972 624
-346 -47 993 -609 481
6
933 954 -894 592 -625 -607
82 -928 681 853 -790 -193
8
328 987 41 -434 -705 -163 -486 -209
-427 -767 297 -605 382 -260 -198 237
8
-863 893 -189 752 677 240 -275 532
-229 553 882 888 -179 936 -711 -748
7
-466 -227 33 319 -437 -600 93
53 -103 606 -338 953 -230 54
8
660 -840 383 -561 -590 790 760 73
533 109 -475 -599 864 534 -278 786
5
344 -693 886 -938 -754
965 -446 -623 -996 893
6
651 889 -212 895 -706 -725
757 -702 425 996 -849 -298
7
-916 895 772 851 -854 791 314
-733 217 886 -927 -946 516 -808
5
767 688 921 -607 392
-908 971 644 633 -880
5
15 -118 209 602 -148
17 82 -212 609 -386
5
-570 281 -991 -317 -795
-609 -927 789 875 -4
1
871
738
7
-361 -562 -472 72 -194 -390 -73
980 -523 -464 -177 -904 135 971
2
566 -740
653 -669
7
818 990 -961 832 576 976 -291
-245 -818 617 917 878 -433 887
7
-167 535 913 436 -61 181 618
737 470 -904 -532 -886 -76 -106
7
855 -799 827 265 950 -944 869
854 998 551 957 585 -989 -881
8
104 307 -473 -750 -665 979 -978 952
510 233 -913 -781 -995 873 -583 936
7
595 342 -44 -167 -459 135 35
-126 421 137 858 18 89 -619
7
693 990 -897 -33 -303 -703 -963
-678 665 894 -972 -592 517 982
3
711 -942 240
810 700 807
2
576 88
666 -921
4
923 -768 769 571
936 -456 559 -482
8
573 -842 916 829 -305 678 -738 -678
-883 948 -782 -901 921 -713 826 -844
7
542 464 686 572 357 847 916
-549 -789 900 -8 -848 -210 -570
8
-981 889 -961 343 -372 950 391 283
750 -233 -661 -9 -836 -746 -940 -697
4
-485 854 -932 -446
-629 -640 -894 981
3
-501 808 620
-819 800 -958
8
-46 440 -829 722 -863 894 909 -981
-76 -211 -911 459 629 860 501 -614
8
715 460 841 940 837 -11 319 -761
-910 662 -593 733 991 -631 885 -705
1
-559
-877
4
97 914 -367 728
-920 593 -689 -762
7
291 73 97 118 211 -701 103
567 -292 -542 -266 -749 35 280
6
-898 993 -469 299 -320 -855
535 562 555 935 -995 756
8
-737 -659 -820 -798 -499 -637 -874 890
-679 -850 894 512 -842 -648 710 916
8
-856 -538 700 558 -590 863 744 275
660 509 739 863 968 16 444 -426
2
-415 432
414 667
5
-922 579 937 788 450
-942 -571 419 -805 787
5
-305 -101 183 88 -170
-202 -180 -248 92 -110
6
-312 41 -899 -122 213 -562
-105 -894 76 -95 -515 794
3
-931 -550 246
945 571 578
5
-634 -638 52 -420 -958
675 -844 -410 697 309
5
-381 713 -979 -964 -184
-672 -577 -158 664 -136
8
7 -385 -137 158 182 330 273 -232
-114 -75 -324 74 -300 159 809 -806
7
649 -611 225 852 -322 -1000 729
-403 512 426 -220 -987 -974 -998
8
945 -744 188 -401 434 256 59 206
-824 435 779 682 850 -900 747 -222
7
-388 -617 256 -254 -10 -122 538
421 -674 80 -145 53 638 834
6
-864 -532 277 704 919 -461
-992 -456 -846 -816 900 -987
2
-251 504
876 -677
7
-324 830 249 -799 -209 -831 600
-579 900 994 -774 -427 -825 -886
8
588 -68 924 31 -372 255 -344 -113
776 893 765 -614 158 10 -276 -55
8
334 534 546 -830 267 745 339 -251
719 -366 227 794 -857 529 654 259
5
-383 -825 -648 -812 -246
812 974 -527 -988 809
7
31 36 -262 -53 -771 852 748
-145 900 -788 -186 -947 -214 -428
6
-912 747 -272 -163 873 -52
422 351 -24 -409 292 -524
8
-913 767 852 -809 -894 -816 -732 -775
-738 931 -647 681 395 -256 336 -180
5
-418 -904 895 944 -695
-899 -704 798 871 929
7
-161 421 -294 90 -726 633 -313
202 -208 -807 -756 879 -651 -57
8
372 -250 578 -226 -389 -96 -51 -782
-758 467 -468 313 770 -593 -584 427
5
-226 -155 -452 382 -546
-859 393 -11 935 887
8
137 181 137 -70 -978 761 910 978
-311 35 660 -735 -819 401 -935 -904
6
-670 432 755 1000 780 -639
-983 200 937 358 380 447
8
-754 861 -814 905 261 737 -586 700
344 -636 -823 759 898 586 946 850
8
-699 -686 -940 292 576 -266 428 -286
67 -135 820 17 137 -669 -276 347
5
-982 431 -994 242 155
-881 913 -812 -187 -989
8
-444 -478 40 153 346 -784 276 318
-610 359 -624 721 -411 154 227 121
4
556 163 -222 -313
129 105 548 -874
3
-189 -983 91
517 -962 -816
3
-590 898 -894
-136 -117 844
8
-173 -506 77 0 -992 769 -351 802
-755 -853 673 963 474 -366 -750 -978
5
-26 446 -530 -81 712
-839 -293 -883 -779 -714
7
-55 -397 262 -185 -446 -232 622
246 612 232 73 534 164 254
8
304 570 -829 -656 170 117 303 543
-535 36 538 -866 -49 -103 493 -412
7
790 -807 -231 854 -170 880 268
-804 461 -740 917 -625 401 968
6
-791 -994 -128 535 -342 321
897 676 134 -721 158 -385
3
583 450 637
970 -168 614
6
-1000 -16 173 -450 -853 281
-169 803 926 838 248 805
7
612 905 734 -353 -892 853 -30
574 -791 -955 957 288 365 -706
8
-460 429 942 -845 748 -42 -469 999
371 -204 -589 -946 -249 879 374 871
8
-181 22 -360 461 -982 -785 513 -496
963 -974 -269 977 979 784 -444 960
5
192 -738 542 831 -596
-887 850 452 990 655
8
-565 -67 616 894 405 620 -326 -901
585 -449 739 -774 230 712 -556 -496
5
576 884 -100 -870 200
-850 -955 -819 -592 -250
8
166 584 143 58 65 -508 32 39
-811 653 818 -868 -265 -5 179 349
8
591 935 -524 -464 932 -517 966 -551
-660 -819 -881 -738 -209 621 -66 926
3
-82 -92 -874
349 72 149
8
-86 641 741 -358 -842 287 -118 -56
318 680 187 -108 283 98 4 446
4
888 771 840 -908
-825 88 -907 -686
7
-129 552 491 -396 -383 474 14
243 453 121 -213 133 741 273
6
-300 -851 -175 407 8 -78
653 143 -908 184 -176 232
3
476 -607 849
751 -723 872
8
794 -22 -260 459 982 -945 -713 164
650 -535 768 527 -751 924 -23 -697
7
-33 344 728 -58 21 217 -235
625 551 931 -439 -526 479 -222
7
-122 -755 550 511 824 32 -315
-272 570 28 -226 -405 870 -197
4
-849 -853 -807 657
682 -573 -560 786
7
-456 379 -28 -283 -37 275 902
117 -29 -399 -146 288 190 -908
8
460 930 144 -529 454 -929 -882 983
-800 895 -908 571 931 -172 327 480
8
-448 261 906 808 -713 -877 944 -600
-636 530 -643 -604 803 803 776 -691
7
860 -933 -598 941 -1000 -685 894
-752 791 464 741 598 970 -590
8
-815 -889 -966 973 -913 642 932 977
907 452 -953 -846 -651 -855 -823 482
8
-396 -296 503 -347 -17 505 -85 899
-123 135 377 224 181 158 -247 -802
7
920 84 -754 -318 562 822 711
-920 -507 -254 828 948 506 434
8
72 806 980 -558 198 584 -475 209
69 957 -987 -841 -542 626 796 419
7
651 -910 -400 858 153 974 -738
-982 -776 -918 559 413 -954 955
6
-955 -179 -747 -724 580 800
64 -784 344 547 941 945
4
605 -512 618 -165
-867 772 -14 222
7
869 830 -989 -695 -794 747 821
914 857 -938 -145 -912 -705 535
6
794 -442 962 -850 -987 587
-971 -220 -398 -771 -84 -259
5
-353 218 -356 -253 -771
19 865 -351 -472 539
3
-799 693 -575
-954 361 531
7
378 779 -913 856 678 242 -657
-814 949 -30 -821 293 260 881
4
312 -433 711 589
952 -668 744 883
6
889 -956 292 -820 889 964
-982 -958 302 -477 587 50
8
515 -329 299 -449 -112 -151 228 542
24 160 -148 100 106 -292 -717 100
2
667 294
949 -648
5
794 -815 349 -321 952
-646 -246 -881 633 -861
5
-801 -596 432 520 697
-907 -932 761 -254 714
5
-853 974 -867 831 941
210 172 -739 -981 -649
8
-933 40 -19 -191 175 -56 426 -547
250 -303 750 -196 12 733 120 415
6
212 900 805 709 -117 -801
-877 864 -761 -793 892 -495
5
-645 338 477 895 65
908 948 -813 -817 645
8
-877 771 -782 -228 -502 238 -101 -517
90 245 71 128 -645 17 -244 -164
8
328 591 -160 869 429 -501 40 -739
550 685 -938 776 713 -727 815 900
6
-746 822 -15 -781 983 -738
-271 659 185 -611 835 348
5
-789 -116 758 -846 587
-598 724 -350 -701 694
3
-814 475 -889
872 326 446
6
-981 -879 797 -816 940 -872
803 765 -933 -704 -464 955
8
-834 -669 -832 908 -505 -683 964 89
976 726 -350 700 -401 -943 512 77
6
-832 926 -691 -998 -511 146
635 -829 -179 -907 -776 -344
6
-23 526 155 -326 -436 -611
-784 -382 -444 -925 -133 -433
7
-903 36 0 -290 935 -709 -136
-114 447 47 -904 968 751 24
5
-918 -138 420 -799 -471
931 -374 766 866 -470
4
-933 -451 -690 608
-776 737 480 405
7
-442 -170 -851 171 -186 -138 603
926 368 -274 587 191 641 603
7
-477 762 -791 -273 654 908 952
-932 -848 -886 923 998 -277 -869
5
-405 968 152 -881 839
-29 -376 -849 -548 212
4
635 753 819 162
-39 906 590 -623
8
-885 -270 -996 -891 679 504 -877 954
-815 626 528 -782 650 -926 -973 -884
6
109 578 -573 295 -492 517
-984 -202 169 -320 -472 41
6
-923 -914 -842 -465 -79 -944
710 -722 -721 -325 -939 -883
8
-845 587 -395 362 -76 -996 437 -900
782 125 -750 580 828 817 -598 -590
4
300 44 821 453
514 -439 -810 -238
8
508 -431 704 -499 235 434 -267 -236
589 -255 291 -66 -247 -27 907 22
4
-738 971 754 724
-955 -385 361 393
7
-589 48 701 140 -42 846 -645
224 -511 -670 187 148 -510 -377
8
699 660 -679 -633 983 840 64 -803
-952 -632 564 -513 -672 757 -524 -714
7
-138 781 172 -195 354 73 -862
-224 -48 -247 -438 412 502 -618
8
365 304 541 755 -726 -189 868 764
272 -128 -316 555 535 -375 -903 -450
7
607 -750 -754 -664 -287 -949 674
-997 -738 454 633 372 723 427
7
726 -259 -709 -37 -903 -828 -462
-542 -407 -477 985 869 986 36
8
-891 -563 323 810 999 9 -649 -662
997 589 601 865 682 -933 -488 -671
8
-40 -100 -457 -58 -376 74 28 -242
50 -568 66 333 59 65 3 -289
2
-189 943
-725 844
7
-756 71 562 830 253 138 -80
299 354 -13 -441 123 -262 190
7
227 411 534 -454 387 -387 -890
-175 -478 41 -748 994 -188 -686
6
-422 -326 803 696 462 -224
448 451 -598 -636 123 37
4
74 330 651 -190
-18 11 -229 5
4
-712 986 852 -163
-405 -689 608 250
3
794 960 251
203 -658 255
1
-590
701
8
673 346 -194 406 -878 -214 293 -788
885 -969 -681 -136 844 724 218 -680
8
-475 -457 863 -918 946 461 795 846
-974 928 -951 722 -390 703 538 -978
7
-941 -959 -509 569 916 -961 454
543 761 -440 -997 807 715 181
8
942 849 -557 329 545 -993 941 997
143 -630 -966 -387 221 -546 -829 524
8
-445 384 -475 154 -623 181 -446 -875
752 -417 66 -13 75 -73 920 -123
7
661 -923 884 -669 -896 -890 734
-960 792 935 672 703 523 -579
2
-433 645
461 -980
5
947 -617 -628 604 -963
-504 -518 -990 -858 -935
3
-737 796 13
-493 766 -439
7
-492 -583 -80 921 -516 567 446
-844 884 -657 -636 828 -935 731
6
400 -735 753 757 -382 -781
789 763 -661 548 -953 871
8
-973 645 -470 739 -872 510 -400 -859
-696 801 -112 -888 755 -897 835 976
6
846 771 -69 -106 361 245
-760 676 -197 -673 857 -961
8
994 842 -739 822 505 841 -744 -806
-904 281 679 -749 -392 -975 -251 311
7
295 -586 362 15 -18 -441 815
-355 -598 -83 87 -502 -61 48
7
972 -983 -977 -196 -879 -880 968
253 -462 -426 222 959 -963 -980
5
-763 596 -835 812 -963
792 569 833 206 -53
8
-687 -1 21 296 -300 325 433 -666
-537 672 371 -544 724 898 281 130
6
-780 341 421 -860 -895 -955
746 -730 674 -438 764 -868
3
-768 709 -427
-793 -335 -637
8
372 -516 839 119 698 906 882 968
-428 431 679 -663 805 -71 -887 831
7
993 -289 -734 675 -615 -177 554
-642 452 -888 746 -315 169 -986
1
-225
-587
3
-504 150 -614
402 684 732
7
-668 829 778 -305 423 -607 761
-903 -953 692 829 -558 937 476
4
-513 619 450 -547
497 75 -794 627
6
785 41 -857 -304 924 -858
664 654 360 25 545 -306
5
-909 944 835 463 -540
-398 792 -807 440 949
6
837 -48 -890 213 663 907
668 96 -787 -743 541 -529
1
519
-700
3
813 -328 752
-718 -947 808
4
985 -262 505 877
809 805 -857 -142
4
574 -466 -614 -900
-876 372 -821 -52
7
-462 -240 -17 -784 -961 101 417
131 470 776 -238 -7 -46 -116
7
679 -932 -276 87 -450 53 493
-189 -194 217 136 -237 -143 -352
3
60 -754 -973
-833 -743 608
6
-860 -618 -918 909 887 890
-793 -685 -756 736 -753 651
8
-64 810 -195 -410 -959 -396 -643 -750
-806 -263 -325 -542 43 495 818 821
7
-856 -909 101 657 165 -540 774
915 -655 241 360 -891 -378 -305
8
467 665 364 -259 141 109 -402 926
-196 -389 -782 -279 -823 31 40 -660
6
-958 954 407 -938 659 -603
-482 -476 -944 288 -85 29
5
638 543 568 392 -816
-685 -726 738 -300 703
6
-507 -995 653 153 1 980
-292 639 -860 -670 -940 -511
6
-951 -668 -784 983 873 765
-893 527 -550 -985 773 -847
4
-171 397 -793 602
957 967 -644 497
2
-129 -734
-725 858
7
865 868 -805 -795 688 746 408
206 -652 880 871 407 -65 938
6
765 -253 159 -122 -50 700
-827 266 -334 364 -811 570
6
848 956 943 339 718 -951
-771 -797 -742 -828 877 932
4
278 895 -615 245
41 -720 -356 524
1
170
-469
5
873 -656 265 61 986
-915 807 980 157 97
7
-942 927 -806 -375 860 -606 591
-502 -450 -805 -827 -52 -414 994
6
111 -580 -650 389 -486 -608
-807 -653 929 -889 -797 925
4
542 910 44 -846
431 714 -548 992
8
544 882 393 -764 -594 621 -531 185
-721 -430 966 780 760 960 302 960
4
960 -698 798 954
570 -928 293 -463
8
523 -483 355 351 -568 -633 -937 -397
572 285 -255 -6 -33 229 -429 19
2
75 478
-104 32
5
368 -159 253 552 -354
-168 94 398 -72 122
8
-832 625 -944 702 425 501 269 966
-392 897 625 -739 -888 -652 402 -746
8
-5 -128 -226 -235 -607 -180 183 -309
-392 149 -196 -634 120 -327 -956 62
8
-469 -379 868 -274 -238 -808 -618 752
565 -572 -878 -732 691 -248 988 -342
4
524 784 -733 986
-924 286 455 -185
7
-285 -176 738 248 -850 -787 425
-275 -29 524 -399 162 567 -108
7
567 -989 959 642 -489 690 569
758 173 -847 548 -502 313 40
6
702 -670 -625 -96 -815 -880
999 -326 -37 26 -775 -135
2
333 953
250 735
3
308 289 74
-294 18 234
8
9 -646 190 262 -331 -44 -199 -27
-535 322 -530 -433 -105 430 97 252
8
-614 60 83 67 240 -347 280 -961
8 337 57 -276 442 53 581 -697
5
301 -845 -844 825 550
840 966 770 -941 -992
6
874 965 496 -819 617 860
-582 504 535 587 -447 525
2
-677 -468
-54 -61
7
-248 66 -752 83 736 -387 906
715 -835 512 -200 64 897 -159
8
76 64 -409 11 473 105 -629 -217
-420 -524 747 -561 23 49 -792 143
3
-858 295 710
775 746 -906
5
204 -535 -504 -822 -636
939 676 741 -278 -488
4
122 -376 -956 -233
848 653 -520 -954
6
-267 690 70 602 -67 725
510 344 -17 590 -609 -10
5
826 590 831 -597 -308
-750 357 -987 938 -796
8
266 349 -145 -503 977 -664 -438 -762
-182 22 -233 421 -218 -428 572 -784
7
695 638 678 -947 474 -732 -626
-42 -680 -386 -926 228 155 530
8
-835 -621 -974 -663 770 8 -989 -613
-254 909 -261 760 -454 944 -930 -543
8
-601 -349 97 620 489 16 -367 -757
257 -126 340 209 662 345 405 477
8
634 -213 18 -98 167 -92 -778 -187
179 122 -486 254 60 968 301 -127
7
-346 671 154 622 -931 -631 -908
886 506 710 -995 -479 -260 992
8
947 -477 -926 -798 963 366 929 873
-844 848 -963 -179 767 971 289 447
5
230 26 -844 718 -824
565 -684 194 540 752
6
-415 -823 -956 878 793 830
725 822 -671 956 -731 -466
6
798 -741 808 416 955 -657
247 12 946 803 737 -933
7
-717 950 727 -95 68 498 132
-44 -470 -587 -408 379 -512 -842
8
-31 927 672 -744 725 -787 843 795
909 -856 143 956 834 -361 -56 -917
8
3 -347 138 -37 -214 561 -59 476
-499 -181 359 -893 -87 11 -121 385
2
786 524
278 -900
3
-38 912 597
818 -606 836
3
-125 546 -485
15 805 974
7
-800 485 -876 770 700 961 988
-794 -599 771 757 362 -967 -605
2
-535 452
159 879
8
-663 -802 89 -565 892 -735 -689 -987
525 90 -794 -922 860 -487 -732 -333
5
-964 410 949 199 665
-763 -815 -803 -830 -672
7
-405 136 618 264 167 -302 -472
-804 -322 -926 291 -89 781 396
8
-260 -286 598 -558 223 220 41 -773
-672 -147 -690 -35 -506 141 -320 -259
8
-914 -429 823 -764 672 802 -782 166
607 -504 -632 912 -620 -448 -861 859
7
271 -400 -577 -707 -970 -541 786
487 601 602 671 969 -535 640
8
219 -445 61 825 544 -285 -941 -332
-238 -775 958 -639 -628 739 -679 -255
2
-33 355
31 167
8
338 -714 36 245 -762 205 -119 454
426 411 -98 520 729 237 284 85
5
708 338 480 987 908
845 -219 -974 -545 979
8
716 664 -99 -200 -489 590 485 -98
388 -449 -255 383 -156 -67 7 104
7
-109 424 902 361 360 316 494
-227 512 885 754 -357 -48 -211
4
-478 270 728 894
-232 975 509 69
8
919 -818 -824 -561 -843 -888 -873 442
-801 -717 829 573 661 485 -846 -739
2
772 28
-234 -734
6
726 834 -98 -754 -421 423
188 -382 586 -947 177 -671
7
-705 -17 -915 662 -741 739 250
702 607 -706 348 191 612 -307
2
55 -930
-202 -146
7
870 930 937 993 -712 431 -366
642 -372 -780 994 318 -922 -923
7
578 951 961 866 703 -684 -842
-10 -914 -184 946 759 -935 993
5
18 124 677 182 347
152 -19 -389 415 22
1
194
754
6
72 -134 -92 -500 -856 267
187 -499 -22 -494 387 -414
8
-830 -340 -655 923 -548 275 98 100
-942 395 707 -820 462 778 752 -885
7
712 658 640 -526 -669 -855 826
887 900 -929 807 795 -685 908
2
-38 -136
-245 -957
7
-952 -354 396 920 -744 -148 152
-905 845 732 895 -870 -435 388
6
827 428 -849 984 991 -541
482 -335 62 -528 912 -872
4
-719 -122 219 -595
-578 -156 573 -556
8
999 -711 -394 767 609 -598 868 298
-143 -297 210 951 -426 103 317 934
8
-801 -79 680 571 693 155 831 471
252 196 -322 -577 852 901 876 996
8
788 -539 -873 -670 -748 908 -897 249
910 684 992 811 -819 -627 803 865
8
-45 454 918 -223 808 -26 128 185
-839 596 -47 -133 -592 -583 32 345
2
669 299
844 -649
6
-37 927 -375 344 948 535
-87 247 961 260 -649 -878
8
-732 -759 -761 -163 -82 -202 471 -184
-855 512 831 -331 -718 931 902 315
8
692 -790 -619 359 865 506 799 91
-763 -889 -304 656 688 -818 -196 -921
6
-850 -920 707 -67 992 -187
520 493 938 387 477 741
5
673 492 -794 -757 -622
-951 -791 -974 55 -834
6
646 -626 -596 293 -689 318
-346 -643 -302 -187 -445 231
4
-986 -541 -90 -676
-941 -992 -980 993
7
-234 412 -345 215 -155 40 659
-29 161 -705 338 509 -125 345
7
-106 -252 189 135 404 -293 355
-137 -127 125 657 459 324 81
8
-786 -454 -614 -998 -270 439 -98 627
-644 -731 -88 738 -990 -900 -782 746
4
963 -639 -314 362
259 807 650 695
7
991 354 -894 -866 617 488 -665
-494 -751 928 -516 799 933 938
6
922 528 -742 929 -217 585
-497 881 801 -974 -992 649
8
881 328 994 -93 -829 -479 -184 462
-291 905 406 766 721 970 44 130
8
0 1 -1 -1 -1 1 1 -1
0 -1 1 1 0 -1 1 -1
8
-92 -35 635 314 -543 -532 -528 -394
153 473 -699 -518 530 -648 -7 814
8
639 -443 -291 -436 723 977 737 751
-872 799 322 -898 397 845 -725 -461
8
325 987 100 969 562 678 343 -691
606 739 74 -362 935 74 551 -676
2
850 -573
-767 -815
3
-343 224 -848
-66 919 -954
8
-422 884 955 67 -611 881 -999 -432
-209 904 -944 996 -773 822 -843 -855
5
-488 977 450 747 363
-649 723 721 942 975
8
-930 756 217 -821 979 -672 23 953
902 949 557 995 790 -895 -894 -725
8
386 91 86 20 925 318 0 265
-925 -608 -132 107 216 19 -548 101
3
887 -794 -83
-691 908 654
7
284 -276 879 511 628 130 396
950 -854 -678 -502 -625 -889 668
8
-271 -474 433 -210 263 -354 -973 -362
129 228 432 -40 -624 -397 622 -52
5
-155 469 210 -523 -348
-60 10 198 221 -346
7
-641 -589 270 750 252 535 979
902 329 -896 -927 790 957 339
8
984 407 927 473 -564 -599 74 899
-930 -782 620 905 511 632 -825 -826
6
972 -946 -643 -425 -752 834
-568 -728 859 -893 -740 -753
6
59 237 -711 -786 -927 533
-318 4 -935 203 -164 -124
5
39 -827 -894 -667 909
442 942 -992 -613 334
2
-81 684
-481 -230
7
704 484 -625 664 -897 792 154
-58 -621 -765 776 -699 -226 -897
5
-554 -504 -957 -875 343
-810 -906 497 436 -946
7
-152 -913 992 434 -496 857 587
-489 -324 -63 912 913 -849 893
3
554 554 -588
844 -742 654
7
898 791 -753 394 707 -798 192
924 -944 483 856 904 -73 756
6
-714 718 655 244 -913 -629
-970 222 996 -887 -783 -929
8
390 -228 -860 617 942 -210 780 812
798 997 986 -770 997 573 824 762
6
-626 -676 906 -852 258 915
-73 -41 -825 -324 -227 -99
2
722 -92
440 -68
8
0 -1 -1 1 0 0 0 0
821 -688 185 813 -239 -736 946 -636
4
-999 -949 -917 765
-470 880 -569 581
1
823
-127
8
-995 -276 548 -302 -35 157 844 -342
-604 -295 -928 269 129 506 90 -418
3
-325 890 -931
997 -653 382
6
-774 -923 -944 427 672 -944
-4 458 -570 974 -852 -909
8
-108 891 266 -34 -715 -142 372 930
-731 -977 719 955 657 -712 -892 693
8
156 -254 45 884 292 -379 172 -177
-164 663 -204 28 287 -259 713 303
4
824 -331 -250 226
143 -972 -178 553
5
130 100 52 569 -116
-113 -229 -955 892 -255
3
-422 888 -995
-739 -451 761
8
700 -514 545 985 -338 -470 169 -164
836 743 783 425 724 350 -555 -550
2
-291 491
614 260
3
82 -85 984
-986 -896 454
8
-553 695 715 975 924 697 771 -942
-224 -783 -817 541 -914 -970 -327 -849
8
996 594 157 -462 -938 -748 771 -883
842 -860 -854 322 -877 -777 680 -998
5
-355 -776 -705 -604 922
497 -979 -871 589 728
3
2 600 -90
759 440 19
4
-819 -673 980 842
-368 -620 543 -898
4
-889 -540 299 -757
-183 -842 1000 848
5
-811 673 -943 729 934
-923 796 -837 -916 -116
5
677 -43 -708 -80 244
-113 -108 -356 -479 -154
8
-849 -704 -365 698 -769 89 321 -77
45 -341 424 393 452 -90 40 925
5
-216 -943 -386 243 450
567 -24 200 59 -608
7
661 -904 431 -979 -354 -700 -728
-503 288 -584 779 -865 -768 433
2
-756 -478
-641 -537
7
-718 -663 364 -471 719 2 947
313 -661 -12 57 844 537 -260
8
782 -322 -562 897 -463 203 -405 -301
-40 -730 -292 -821 -66 709 -764 355
8
-926 -687 -189 -764 -952 -538 -677 -305
506 -878 701 774 781 -301 383 806
7
-863 -972 -934 24 839 145 -797
666 -943 -473 -233 -532 424 471
4
397 -503 130 172
73 43 137 -124
2
-35 5
978 174
3
-815 -34 -668
-761 726 193
4
-692 -128 347 -481
466 -351 -295 -846
8
164 763 -485 -741 -774 740 978 858
-738 -111 656 660 502 935 -812 731
8
978 79 -516 -75 -777 -966 903 -799
874 -828 -952 -766 -583 -979 -395 654
6
122 462 450 -270 -132 -137
-388 209 65 20 393 -52
5
26 -273 -470 31 464
-81 296 956 534 712
2
833 375
-792 510
7
454 547 774 391 -220 395 -216
-348 -528 -279 -196 -294 179 -644
7
35 984 862 963 520 -47 338
957 775 -554 911 467 352 368
8
-652 268 269 -115 671 -199 691 281
-653 410 986 -787 299 706 -622 930
7
-231 -658 -712 967 936 -423 -99
32 -943 844 909 277 454 -358
2
128 715
549 -745
4
-948 -962 -792 894
-86 734 794 824
5
-976 -508 -994 964 -307
-961 -273 590 346 -293
7
-938 992 -885 917 -516 -595 681
926 865 -896 -598 750 -647 -723
5
855 904 946 -739 -182
899 -959 906 805 -553
8
-690 -634 334 549 31 64 585 -192
-80 -211 139 847 304 72 -591 -430
6
66 -699 -57 149 -477 750
-73 746 36 776 -328 -117
1
93
-228
1
-2
431
8
-971 -989 13 105 378 533 -994 -674
999 998 542 418 -955 865 -490 -960
4
-552 -776 -442 328
-212 636 148 -324
8
933 -134 -333 -771 -305 261 -54 -820
974 705 -869 568 -802 -800 -165 -60
6
-289 649 -596 -692 861 223
-939 -777 -748 -299 869 -964
4
971 -924 -780 734
114 -639 -881 -960
7
223 -447 -903 741 -207 -644 -359
-42 396 170 -909 -173 -387 533
3
43 741 -469
-302 578 880
8
43 -162 -177 -886 -612 892 -66 182
980 672 -228 672 641 -313 869 530
6
-726 10 -276 -283 -314 -4
282 407 296 268 475 180
5
918 683 -773 -705 617
-819 634 -645 868 760
7
660 563 401 -532 891 -804 993
804 -825 -997 -901 405 466 537
4
-966 -373 -776 840
-832 644 700 -920
4
-680 -882 -935 395
159 -927 350 690
5
-221 933 -916 16 -6
382 149 -7 141 367
7
982 -831 -784 -937 811 411 574
-600 -871 -973 466 -964 946 848
6
460 535 -433 -876 638 -578
-812 904 788 688 -107 931
5
980 973 846 -250 883
-513 -755 636 -75 -996
7
-964 979 903 674 283 445 578
-509 984 988 -513 -745 966 -713
5
-874 -292 -858 12 -988
196 354 958 927 -978
7
-482 -942 98 -613 -495 270 683
149 -402 528 -895 547 900 -790
6
153 526 -243 849 -712 -729
-396 582 -921 -388 548 886
7
-694 -624 -410 -62 906 474 -396
593 -918 -859 914 -387 50 943
8
-725 -74 -837 689 -746 -436 -839 -841
975 622 586 927 866 -103 -727 -432
3
-302 278 22
504 -906 84
2
48 642
-211 -636
8
-4 558 -428 -625 180 -493 -8 -69
185 203 -715 84 587 143 -516 194
8
-162 -132 274 124 -135 -611 -907 963
618 -187 -353 -673 991 -381 999 -655
6
520 100 606 -185 552 -748
-982 -235 -951 -959 947 -472
6
839 367 237 789 -685 574
-318 -937 568 -398 -46 91
6
659 695 760 -756 -862 528
858 -988 -233 275 539 201
5
-261 -357 668 538 -352
-493 901 222 572 706
8
905 -918 -501 909 -858 -953 -681 -51
-852 -715 911 -650 515 289 962 -225
6
803 940 -898 -88 -972 -853
862 860 575 -101 -655 -825
6
401 606 518 -110 -14 178
528 -166 -931 491 -638 95
7
731 -581 -422 194 469 -682 -200
832 -922 150 -415 -133 597 801
5
-793 487 371 438 260
-893 -45 -245 -87 -993
8
-769 -858 221 398 854 -472 -724 -634
526 716 421 908 -15 478 -678 -307
6
227 811 514 134 575 790
968 -809 652 147 -675 -648
8
631 686 -696 -264 412 794 527 868
-703 -518 691 867 741 519 -801 -895
6
638 -124 -315 279 -941 -21
-852 -695 591 -94 505 106
5
846 -835 919 -174 -717
-52 -111 -882 791 -239
7
-760 -398 423 -877 151 -677 -911
977 804 -903 808 -965 635 673
5
621 -16 669 910 497
-225 651 -670 728 394
6
505 -59 -330 920 511 -827
-711 -695 278 964 175 324
6
577 -895 979 -316 -822 -985
917 -966 -796 462 489 -380
8
-433 -811 205 -26 -356 665 679 -406
395 681 326 610 -126 992 -13 -970
2
864 332
-589 724
8
-232 921 -720 -985 -803 806 -756 -482
782 895 -417 -103 -567 -657 524 884
6
-869 618 525 562 -629 -634
-888 -993 -668 -8 -15 -599
7
817 970 -152 404 -261 -844 965
-184 -441 929 -759 565 975 -204
1
603
320
8
-189 233 -59 335 -662 -320 700 331
-99 -594 88 -503 127 -250 -280 -31
8
851 727 356 932 -1 986 -528 -176
883 131 -160 871 -967 -612 -949 -558
7
-9 871 -569 796 921 -699 -972
886 -634 -65 959 436 -313 -904
5
637 -536 -441 -177 811
258 -474 542 -972 435
3
-805 -437 760
967 895 -344
8
-175 0 111 -50 1 -62 512 275
535 -321 763 -47 -564 508 -307 -196
4
-641 -725 -738 -114
374 -766 -815 2
4
478 582 376 -367
-824 515 -879 786
6
-229 335 -99 49 741 -41
-625 15 -420 -37 803 -460
7
16 94 -545 -104 34 -647 327
23 449 257 -856 -23 544 57
8
-584 -604 -785 -323 -928 -878 707 935
-844 880 -288 386 214 581 -836 -680
7
274 -856 265 930 739 -568 591
-276 565 -437 567 -796 -263 -883
6
865 -77 -995 625 409 152
961 955 -985 -168 -987 305
7
999 921 675 976 878 686 -952
-813 982 -658 -772 -800 -755 -955
8
-232 -599 -648 282 -792 863 -478 993
871 638 864 -783 799 -656 -786 -869
8
-193 282 9 -396 66 -131 -80 -262
-522 -955 478 154 308 -128 542 153
3
337 -995 -757
-889 442 -983
6
858 -320 -660 -750 661 -647
-829 881 694 -386 902 773
7
-908 663 868 587 -888 935 -805
-876 414 613 980 -993 530 505
5
329 -728 169 -729 -332
182 299 233 512 -612
2
159 -595
279 -95
7
-721 656 -739 -385 -724 68 329
760 176 -694 -937 466 178 -372
5
-601 424 -604 938 -79
-890 -836 360 330 235
5
973 -606 -971 -717 -888
945 -543 -425 937 -737
4
999 -981 -784 -903
-932 -775 -955 169
2
-936 793
590 -662
8
782 -977 360 881 -119 -588 519 970
257 -812 -870 -658 -966 -869 -935 480
6
236 -869 -973 295 240 -885
698 775 -99 -928 -520 182
4
-355 -115 502 937
610 -250 710 979
4
760 -261 683 -401
968 721 482 -728
7
937 -812 -854 516 -900 -873 767
-297 -881 -633 801 -307 -188 946
7
-396 259 -191 -885 939 437 689
-840 -872 -740 384 494 -440 871
5
-904 134 450 91 -683
737 918 981 750 964
3
-283 128 523
-101 -115 -160
7
-450 -956 -991 516 -939 775 219
-987 521 -529 -699 919 888 -894
2
-174 949
-951 806
6
525 714 915 -33 -936 848
990 -75 952 39 888 -917
5
-361 317 192 617 586
34 -533 183 158 376
8
-657 -13 816 -784 -308 858 944 409
559 -573 778 473 749 -955 -935 724
3
-105 -700 465
417 751 -637
2
-125 -115
256 -261
4
-839 429 802 -190
-48 -758 605 -671
7
-888 712 -260 -792 583 833 -606
-826 853 283 886 -820 797 -313
8
-421 -255 886 -359 17 -266 544 23
-160 252 458 10 393 -533 -379 -313
4
-279 399 -104 -297
-204 -974 -171 33
6
634 -762 682 970 -961 -844
-542 -793 -153 -895 866 -37
8
709 638 498 -630 953 -182 158 -415
-250 918 816 925 951 -825 -188 -657
7
-240 -875 888 785 778 219 -897
-617 447 -264 277 441 -107 -485
6
894 -907 308 179 357 -980
324 -258 -180 -834 -375 -20
6
-894 936 454 957 345 847
-47 768 -979 421 142 -970
8
454 844 606 970 497 -4 587 -975
-524 535 -788 865 -810 867 -623 503
8
-258 -383 215 -638 -643 272 -419 337
543 -552 -519 724 -707 -570 27 -159
8
45 -477 476 -942 -219 -778 748 372
-21 252 -710 1000 -711 -217 706 923
7
-34 162 -172 -13 132 367 -443
379 -114 294 614 675 497 -230
8
339 -640 -32 822 895 -886 -444 -864
-273 202 -728 194 -937 409 864 263
6
957 766 735 -935 -984 -873
-994 -219 728 386 -765 736
7
-357 -159 339 -382 991 -801 -937
-929 144 -998 992 -829 -935 -973
7
-992 -689 316 519 771 -915 915
-939 -613 -523 -982 413 -939 -354
4
197 -3 379 730
128 -423 -240 -283
7
843 -813 -793 -444 421 355 929
532 964 874 537 -700 -797 922
3
80 -742 -334
670 815 -994
6
764 579 -347 837 -521 -327
-838 763 614 211 -628 -254
6
94 -994 -727 -438 -488 -831
-851 876 -989 -967 -698 -817
6
889 989 27 -778 184 -818
-971 982 699 851 -881 998
4
859 -869 742 -898
798 -974 -683 -304
3
772 -999 712
-847 49 -457
8
103 173 -569 -654 946 637 -601 -112
-622 438 -522 -122 0 -373 392 -710
6
-21 -920 745 154 -510 812
608 304 -788 994 -731 -696
8
707 -952 -711 -736 502 947 806 101
137 187 811 920 876 639 616 -626
2
781 524
915 210
6
724 -716 375 91 232 -13
-169 -46 -913 168 139 -796
4
883 499 313 -888
702 24 730 -898
1
432
-669
5
-918 -982 -636 -198 -946
-330 -519 -255 -241 873
3
406 -677 -998
398 245 -977
8
772 -486 -241 634 -329 817 -303 53
-245 -683 -717 -96 -97 -373 -953 189
7
580 493 -734 964 -809 795 -839
952 779 960 -850 968 839 -231
5
806 -447 206 842 884
694 29 -914 984 -814
7
600 485 283 -936 729 -650 -808
-893 940 331 -823 -934 493 744
7
-233 982 -838 -888 593 -456 -824
-598 730 -902 -952 608 98 -792
8
82 -103 708 -475 273 -461 -611 -627
953 735 435 -509 331 -512 647 -379
7
839 -780 806 678 442 -495 -318
-763 -585 478 589 -973 888 -502
1
338
101
8
-168 214 301 -488 477 -511 336 91
987 -92 -138 -973 649 -302 105 -646
7
-733 -479 -981 -481 -699 -46 679
983 -422 -891 -572 866 -942 1000
7
99 66 -508 528 312 351 74
173 260 -100 -847 397 -247 -32
8
-368 -203 -253 26 -581 352 817 -285
140 92 131 202 -283 362 -454 541
1
-293
23
2
-609 843
-222 -18
8
698 704 994 -256 -697 771 -993 972
774 82 852 926 639 404 534 911
5
-943 283 985 -634 -861
-496 -798 0 -943 -323
7
-49 -80 135 608 -27 462 -170
975 -115 376 -123 552 -152 18
5
-473 573 -954 -994 783
979 -994 905 842 -251
7
-96 926 262 -202 -256 -398 -955
-271 -472 139 18 -387 -529 -13
5
231 -217 -7 68 57
-165 -816 -284 816 -698
8
-895 587 -916 -885 -926 473 -858 942
843 -919 -796 -843 -216 482 -670 -713
7
-720 -948 -686 478 -283 -797 913
564 -555 145 -126 -408 -116 384
7
-563 -865 -446 -929 -279 -534 -673
-19 -888 -470 -854 -319 -739 -636
4
-726 -514 155 972
-711 -297 -71 -365
7
-723 -48 798 -686 401 -297 -941
-564 -703 184 -841 933 913 -702
8
928 679 480 -447 926 619 -798 -732
-250 808 493 823 -805 -986 673 447
5
-451 892 838 -623 -796
-739 403 -819 -733 -894
2
-998 979
-957 451
5
-860 883 -704 865 501
-934 -336 360 -891 -956
1
529
803
6
-852 893 -540 871 -938 954
607 877 680 943 460 -906
4
937 -430 701 -934
-793 725 404 -15
6
962 -393 -725 -406 -741 -319
-660 -765 -842 966 -948 46
8
858 -712 718 -873 625 -70 663 -854
715 124 27 357 923 769 -707 901
4
-227 -279 -871 -278
228 14 -160 -675
5
777 -244 -441 827 52
462 -509 268 -799 333
8
-168 627 -450 -179 -252 835 -125 -25
-35 -357 -360 -192 -876 -121 1 142
6
-226 3 -282 843 -344 -376
-83 -236 124 -51 -177 129
7
77 -167 -850 959 862 -947 510
854 -935 520 -991 500 980 944
8
61 220 286 -202 622 319 169 -599
138 921 45 -255 539 617 -64 13
5
240 966 -950 -12 -225
28 562 6 827 15
5
-57 -573 -56 84 912
-648 879 840 949 -704
6
965 11 -986 819 -583 -542
-731 757 736 612 67 388
7
-479 -113 957 990 -871 -720 -972
966 -464 -507 -349 815 658 -973
5
187 299 -114 318 889
-513 -112 -249 -507 165
6
874 828 766 -991 -133 -847
703 -434 -509 -701 -763 519
6
-167 310 -271 -163 633 -255
421 433 965 248 -448 -61
4
-358 644 -19 -633
-92 -118 490 -63
7
-382 -290 -804 -750 -989 -970 195
878 288 -629 -898 -766 923 119
5
-193 46 -235 208 -386
-759 -736 105 -966 376
8
-179 439 566 -802 965 194 841 133
-559 921 -792 873 294 966 646 665
8
786 -17 -780 993 -841 890 -744 -109
-593 -950 -791 740 495 -626 -857 -918
4
19 -173 -437 -758
690 -15 -98 464
4
-41 102 284 34
888 98 146 -473
5
425 -487 -800 -702 -989
96 777 515 430 -812
6
-818 -921 -136 611 697 398
639 495 972 341 -165 681
7
-889 67 863 744 -913 -277 752
590 -777 159 -678 501 -671 303
6
1000 -790 -157 25 -436 698
437 -81 -664 370 -639 524
5
-771 -186 886 312 -223
-147 -289 -507 926 -425
7
85 833 -83 -291 -522 -832 -14
594 569 -846 940 -745 -294 401
5
45 -868 -870 381 -837
-139 -631 647 827 -489
3
-696 -821 -808
823 -648 670
3
-224 633 -836
706 144 -9
4
50 -663 589 -135
47 -865 519 -367
6
-455 -794 873 -228 -63 869
803 -110 947 -939 600 -666
7
-656 -622 -718 576 -118 -49 306
-61 -4 -122 997 -217 -25 -399
8
795 -764 -5 -514 982 -655 593 -726
968 -787 -450 -800 -390 -996 861 287
2
-283 245
-986 508
8
546 -870 -937 926 837 720 -773 732
948 951 -906 597 486 127 531 228
2
914 -946
95 -997
8
170 -796 -954 -913 -342 543 959 453
-755 25 -869 642 578 -629 985 -797
6
-265 197 -649 694 -1000 -299
-488 228 -196 -187 -243 -108
7
554 955 831 -116 -878 -191 -26
398 -423 -718 -523 172 -856 -42
8
778 759 843 652 -347 -631 -587 870
826 -880 -521 271 -756 926 -423 713
5
333 -908 -438 988 -313
771 694 -576 -543 -859
2
-163 -456
748 -912
7
-248 774 -468 -177 960 156 860
748 506 492 -418 194 572 448
8
-653 729 -950 -251 -805 0 899 -985
-816 -704 -250 945 -763 -795 558 651
8
858 -125 281 -857 -595 -184 -677 -281
-868 6 624 -928 -370 638 356 -736
6
-557 247 -517 -635 -316 138
-732 408 -796 55 -441 842
3
927 845 -646
-666 -550 -229
6
-27 -985 702 -330 -646 8
888 -77 961 -118 -795 -409
3
961 -329 156
-469 576 -79
5
948 -955 456 309 493
-747 -6 574 -29 627
8
7 214 -24 114 -369 100 -1 -253
455 -272 0 -312 -79 240 12 -393
5
-868 -989 644 86 502
550 899 -473 302 814
8
-170 -809 675 -746 -469 -920 839 240
-591 322 912 861 -167 -375 -764 847
7
719 736 369 -731 516 319 20
342 168 639 -817 958 679 -481
7
958 -781 889 890 -884 574 737
754 514 -849 496 862 -531 17
5
327 863 -179 -274 808
-950 539 -746 -241 592
5
-559 -861 478 988 410
-69 -328 565 945 -427
7
-739 -967 -393 -863 -267 -896 750
836 -955 -863 -458 -703 868 -965
2
-946 822
420 697
8
-859 370 -645 883 -988 -887 783 -798
-149 -360 665 300 -874 737 -204 264
6
199 -455 174 614 599 184
-969 6 299 347 391 301
6
751 -534 714 -570 73 722
-892 700 -826 -266 -762 -311
8
-946 467 -618 -637 -777 685 -966 -258
-412 -383 -848 885 258 -482 -867 -428
4
-917 881 722 -970
-584 -497 -167 874
5
743 832 -503 -915 754
426 -718 842 119 -498
1
-899
909
7
-957 -772 -480 158 361 478 997
-62 -328 -71 -792 637 102 235
7
480 541 -625 -235 -246 698 -340
573 31 80 94 -791 -705 -688
5
785 -804 744 169 872
-514 -321 -744 759 -618
5
-164 371 -489 -734 -522
963 -944 13 -552 -942
6
964 -472 -175 553 931 -976
959 222 -845 232 -896 881
4
760 -651 785 -936
-906 -909 228 252
8
38 298 -300 47 -96 99 974 -548
-73 337 502 -131 361 -86 -359 518
7
177 664 871 -684 735 -153 -144
-387 60 675 396 920 -284 -375
8
-71 823 -407 -764 151 715 -734 421
906 -57 879 -387 -916 686 -551 813
7
-950 941 875 -968 175 -960 936
-705 -868 -943 -547 791 -739 -587
5
882 -212 -271 -94 -101
-585 -472 -263 902 -977
6
316 11 -714 -415 556 376
789 -205 -818 250 -406 -824
7
-13 -676 -661 569 -24 938 817
475 -985 -914 102 -993 830 -961
1
234
696
1
403
502
7
860 -713 -393 649 796 -265 738
684 644 529 -754 486 991 -686
7
454 806 275 -758 -728 -981 992
-442 -643 934 -801 902 762 -476
5
440 847 -834 -260 624
995 899 59 910 -895
6
-159 901 565 992 728 858
-514 -63 268 -966 -991 -682
8
-998 990 -991 994 -992 990 992 -994
-996 996 1000 999 999 -1000 992 998
7
-922 -627 -813 436 718 835 986
-394 -318 -371 -793 -947 -364 453
2
770 349
-193 431
3
514 -996 -901
-750 -832 -947
7
747 -640 -932 -643 885 -458 309
594 954 51 -799 -892 -698 -782
5
-936 246 -874 567 961
855 889 827 -614 -705
7
-453 116 675 199 899 -943 580
970 -80 -775 560 -407 -845 314
8
241 -603 -682 -803 874 -23 -156 -770
-276 -417 27 969 -614 511 -573 212
6
619 988 -850 499 905 -713
-390 827 737 385 305 -882
7
967 954 -148 902 -741 55 -771
-840 570 -265 974 -347 -169 -646
6
-572 296 -828 259 904 65
980 952 -951 -10 462 -788
8
368 720 995 608 155 -693 -545 285
-544 548 -866 383 712 -735 -336 743
1
-420
-763
3
-563 926 121
-590 626 -923
2
-614 885
571 57
6
956 -792 -873 -718 520 696
-977 650 270 735 492 793
7
-591 874 -743 -240 -978 604 335
-257 -217 -560 -883 875 -864 -896
5
635 -713 37 891 816
-589 925 -810 991 -862
8
-980 -897 -936 -452 -885 759 -881 -248
582 630 -817 918 898 724 -278 598
8
652 -809 -93 389 -844 -992 -948 -796
-677 -142 -512 -926 -411 -803 888 -146
5
584 605 -527 947 -805
-946 -254 641 394 -975
4
-614 484 -203 258
-225 -182 185 92
5
43 165 -408 -75 593
-191 476 -646 88 166
8
146 -366 518 679 83 -906 -845 -12
365 188 -909 -469 -96 -255 220 -753
5
-546 -287 -932 982 -950
478 999 -154 -877 -387
7
642 338 -908 131 377 521 88
584 -226 -92 -473 64 63 -386
8
-269 -897 966 -709 571 590 -443 -611
576 -712 -33 378 914 -773 -682 -959
1
-285
649
7
207 -896 915 933 -974 897 702
182 -731 838 431 -951 -303 -984
8
-371 167 -149 -563 230 957 -711 -329
167 371 -619 -337 -66 99 -51 532
5
672 -424 895 -820 45
-984 -929 -162 -980 -349
8
-81 409 617 -895 -558 861 -84 770
-164 935 -65 -445 -840 -554 -330 920
8
960 989 968 -415 -514 -729 676 599
304 -294 755 440 -822 -295 -804 -474
3
622 -446 988
-93 513 873
8
979 -753 -117 -772 -715 -560 -143 790
-134 -552 984 750 712 -915 452 -429
7
642 -700 609 870 -314 -796 -497
516 -900 -471 -889 -362 327 206
7
-818 -452 -717 877 923 -516 284
-733 486 821 537 -932 760 -277
8
-504 -903 982 -806 -953 -295 410 924
518 291 -691 647 571 876 835 999
6
76 -195 319 998 792 892
877 -938 -628 -767 -888 875
8
649 -296 -947 -495 673 194 198 819
281 -956 591 205 -953 776 -369 -724
1
789
942
5
-735 812 578 858 -978
863 826 748 -869 808
8
-71 -504 219 -584 -775 511 300 166
-605 986 -608 167 -549 211 -557 -185
8
-60 134 713 -279 -255 -20 801 91
46 -43 -2 443 72 -630 -585 592
8
951 771 811 -263 -526 -896 546 619
907 -695 982 -718 -852 902 693 144
5
926 898 298 155 -770
-622 -756 -667 473 -974
4
-970 -753 -756 -646
-550 950 -864 -935
6
-293 392 -356 -475 -39 -212
-205 403 992 -626 541 848
7
-451 -179 -234 -545 -297 -248 495
-344 -735 642 -679 -917 134 -210
5
-968 -1000 984 933 -507
-949 871 301 493 -823
8
-415 16 -751 -171 -338 -396 -201 -414
624 768 -77 -339 -960 0 968 -97
2
722 -497
931 865
3
-750 -509 -754
-286 -52 -905
4
-804 762 784 -781
-116 -842 -90 424
8
-604 -577 -68 758 921 413 662 964
423 -609 726 261 -933 692 762 781
3
61 -684 153
-269 176 -535
8
-846 209 944 -945 -915 -831 959 971
615 738 -766 586 -605 -854 -842 -427
8
-268 890 749 983 800 798 421 -922
767 976 560 656 664 -781 916 309
7
-414 97 -961 -299 -500 -147 657
939 285 403 292 -533 -671 -87
8
-764 -689 -503 750 -875 -964 661 893
-887 484 -35 747 708 903 -820 -413
7
454 354 -114 -143 259 274 142
-677 805 438 -341 -384 -732 -128
8
-501 915 -260 -628 -817 427 274 -77
925 494 860 264 804 829 -953 877
8
-966 935 -462 310 -59 960 645 879
439 -930 -634 -942 -851 268 -258 -126
5
339 701 -604 -189 -907
-983 -35 -287 -683 683
6
853 735 971 655 -908 -997
344 273 52 -945 749 -427
6
-359 614 -671 846 -732 370
419 -120 378 169 315 981
7
387 947 -916 -352 781 -867 -950
734 638 458 -911 -236 13 -609
8
447 313 -409 503 13 103 -123 118
412 -7 341 112 271 -610 -581 -43
3
-575 -212 600
-990 760 -743
7
-960 -769 -605 935 627 374 442
-785 529 961 281 582 -727 229
1
-979
922
7
979 850 214 926 -821 -726 -949
15 -890 -827 -470 -881 771 -683
8
123 -446 117 -707 946 -755 -607 4
-666 708 11 -125 -786 844 719 899
6
860 171 -645 -933 -390 658
-344 -992 -761 916 404 904
7
-185 149 6 177 170 193 -166
235 437 -985 -409 -964 -338 803
7
-994 -736 -674 -982 949 324 817
-378 -309 -541 765 407 970 -971
4
-969 129 -918 -325
-703 456 846 -699
1
532
59
6
-797 678 984 269 -431 984
917 996 246 89 992 -62
6
-925 -740 -967 206 516 -935
374 918 -732 832 810 -203
8
398 -63 63 599 835 -609 30 224
14 372 -930 -513 -626 -928 307 97
8
614 106 549 162 647 -780 -220 753
468 766 -766 744 701 -808 941 -53
5
244 -50 80 -948 -154
512 91 147 -160 221
8
-765 875 -862 539 922 28 -897 -985
865 -875 -974 476 -960 -653 120 -941
7
993 581 -840 -816 -645 763 197
295 -824 -922 132 -506 -880 -148
6
-308 374 -64 -267 737 158
-126 984 45 -235 -12 58
8
-471 978 905 194 -932 -809 53 757
869 -886 663 -447 959 -815 -911 943
2
873 -857
553 181
2
493 -570
-634 -530
6
398 68 502 -212 -852 -74
736 -26 0 613 99 -116
7
-960 -748 -763 982 -631 603 510
-586 181 -852 923 -971 -867 -969
3
-121 -880 790
19 -609 262
4
719 -733 171 -578
372 516 -334 -103
1
217
-733
4
-935 462 -955 989
-94 688 -999 415
7
-877 -997 720 -398 764 -742 978
-118 -544 -615 -873 65 938 -975
6
-847 -784 -964 559 834 605
-79 -957 186 124 -261 761
8
-605 687 935 329 368 -822 537 -857
983 327 -483 961 289 831 -326 -686
4
-293 67 -222 -522
-379 -539 -507 -496
5
-969 87 734 509 -572
-191 -806 -403 -763 623
8
545 516 -857 424 175 -98 -22 253
72 858 -27 -814 -67 538 202 602
6
18 -289 -7 152 199 0
-438 -329 689 -149 328 166
3
-162 -332 -823
-477 986 956
2
209 146
-446 351
8
-905 291 -337 686 -387 343 762 -864
861 -996 -636 995 -907 -681 -969 -672
4
-958 590 -812 -837
-969 330 -211 -636
8
-818 606 -280 -38 -90 92 -707 -551
415 -107 616 163 -435 527 -45 -848
5
945 154 -241 508 838
118 901 -441 410 -203
7
565 -839 -731 -423 179 823 381
-660 -826 763 919 -321 243 485
6
354 -93 -298 -34 -471 -657
490 190 455 -16 372 337
