price	A1	A2	A3	B1	B2	B3	B4	B5	C1	C2	C3	C4	C5	D1	D2	D3	D4	E1	E2	E3	E4	F1	F2	F3	GB	GM	GS
0,76	0,404282	0,439828	0,288726	0,492348	0,515609	0,405393	0,414457	0,410316	0,796943	0,609055	0,513194	0,414773	0,40623	0,320492	0,570704	0,544187	0,426407	0,521261	0,288235	0,561609	0,561342	0,49456	0,513173	0,496435	0	0	1
0,76	0,454295	0,398579	0,288726	0,507382	0,560721	0,409452	0,42053	0,41451	0,467807	0,481619	0,468049	0,438309	0,434343	0,408965	0,43904	0,464231	0,46587	0,491314	0,283578	0,582749	0,486836	0,49456	0,513173	0,496435	0	0	1
0,76	0,449441	0,441875	0,406474	0,529316	0,568559	0,402603	0,408646	0,407433	0,694627	0,370731	0,383863	0,439546	0,411825	0,531127	0,402821	0,471934	0,458723	0,474163	0,300641	0,570149	0,383157	0,49456	0,513173	0,496435	0	0	1
0,76	0,59757	0,638411	0,702384	0,491341	0,626575	0,411903	0,417309	0,41016	0,565047	0,659491	0,589229	0,473349	0,480435	0,327734	0,475195	0,516505	0,422321	0,482839	0,310805	0,520698	0,587384	0,557227	0,35625	0,432002	0	0	1
0,76	0,583378	0,625356	0,686593	0,484214	0,611734	0,393358	0,419511	0,412753	0,541414	0,642689	0,505012	0,478848	0,415447	0,338109	0,478764	0,515139	0,422589	0,463506	0,323303	0,452739	0,478939	0,557227	0,35625	0,432002	0	1	0
0,76	0,402637	0,398579	0,346999	0,51769	0,540683	0,405242	0,420732	0,41016	0,594795	0,536139	0,5045	0,446223	0,424495	0,347965	0,450692	0,474503	0,453964	0,49893	0,313331	0,543069	0,540914	0,49456	0,513173	0,496435	1	0	0
0,76	0,429853	0,435632	0,331806	0,513838	0,561304	0,415499	0,425459	0,42076	0,681011	0,609842	0,538666	0,462584	0,439055	0,331254	0,399236	0,49122	0,426576	0,484291	0,300182	0,580987	0,547209	0,49456	0,513173	0,496435	1	0	0
0,76	0,457846	0,439828	0,467123	0,439676	0,349072	0,454722	0,442699	0,443053	0,403596	0,495154	0,512106	0,670173	0,613095	0,556489	0,578545	0,43874	0,455604	0,422664	0,245318	0,510732	0,428748	0,51413	0,457277	0,410606	1	0	0
0,72	0,40591	0,414784	0,288726	0,53291	0,615326	0,398453	0,415128	0,403147	0,658513	0,487655	0,470866	0,438691	0,422795	0,388663	0,375879	0,519005	0,421962	0,484102	0,293496	0,577433	0,466925	0,49456	0,513173	0,496435	0	0	1
0,72	0,462469	0,464224	0,251239	0,52144	0,55858	0,417448	0,421927	0,422775	0,585654	0,589026	0,502696	0,448117	0,422452	0,347965	0,359892	0,573436	0,374064	0,468808	0,306568	0,560652	0,483499	0,49456	0,513173	0,496435	0	0	1
0,72	0,418341	0,437747	0,381315	0,516573	0,566533	0,40629	0,418995	0,411243	0,531782	0,519669	0,483525	0,432367	0,415447	0,366359	0,424182	0,481028	0,424785	0,468666	0,306568	0,572117	0,473047	0,49456	0,513173	0,496435	0	1	0
0,72	0,468078	0,460751	0,251239	0,474329	0,442717	0,391999	0,402845	0,396482	0,312334	0,324873	0,384203	0,425246	0,399634	0,511892	0,483424	0,471735	0,423476	0,481176	0,315607	0,6251	0,363539	0,49456	0,513173	0,496435	0	1	0
0,72	0,441884	0,483386	0,346999	0,554861	0,70807	0,396693	0,394423	0,388817	0,358992	0,459629	0,465169	0,46201	0,431126	0,408965	0,464989	0,502174	0,411137	0,528374	0,294927	0,572515	0,502564	0,557227	0,35625	0,432002	1	0	0
0,72	0,432605	0,443891	0,458275	0,4323	0,429742	0,414243	0,433802	0,419462	0,721363	0,58934	0,540478	0,372926	0,389381	0,274407	0,347127	0,553634	0,420413	0,472311	0,277989	0,584558	0,545656	0,49456	0,513173	0,496435	1	0	0
0,72	0,404282	0,406959	0,346999	0,490771	0,526774	0,413216	0,419921	0,4184	0,584296	0,52466	0,484713	0,428747	0,421765	0,372151	0,488228	0,485142	0,463093	0,459276	0,315396	0,576838	0,455253	0,49456	0,513173	0,496435	1	0	0
0,72	0,432605	0,406959	0,331806	0,550481	0,616612	0,379504	0,3965	0,383586	0,671845	0,500892	0,580088	0,518734	0,488097	0,331254	0,41879	0,52533	0,418733	0,484917	0,319533	0,505699	0,551791	0,49456	0,513173	0,496435	1	0	0
0,72	0,473513	0,536534	0,432572	0,319216	0,222258	0,500375	0,508601	0,486007	0,264943	0,299553	0,399689	0,406951	0,46778	0,587936	0,899863	0,500725	0,413324	0,466729	0,838953	0,393704	0,378536	0,56761	0,530164	0,325486	1	0	0
0,72	0,504865	0,536534	0,251239	0,562841	0,74964	0,398106	0,407381	0,393768	0,179861	0,350589	0,387217	0,418639	0,40585	0,513542	0,468293	0,425219	0,398053	0,478049	0,741036	0,459284	0,373737	0,56761	0,530164	0,325486	1	0	0
0,8	0,432605	0,474138	0,398775	0,461973	0,440813	0,41386	0,426831	0,419066	0,720001	0,559322	0,503084	0,397539	0,393979	0,316764	0,530868	0,519157	0,444511	0,539239	0,285644	0,593851	0,568368	0,49456	0,513173	0,496435	0	0	1
0,8	0,439286	0,412232	0,313196	0,556504	0,590193	0,40629	0,424148	0,411243	0,591135	0,54585	0,480051	0,453145	0,402384	0,354279	0,47752	0,490061	0,438247	0,481176	0,296645	0,571227	0,490105	0,49456	0,513173	0,496435	0	1	0
0,8	0,441884	0,439828	0,288726	0,477805	0,446287	0,422356	0,408896	0,410627	0,292652	0,447334	0,482327	0,579913	0,561675	0,547767	0,588205	0,473289	0,442125	0,454091	0,271236	0,558221	0,470627	0,51413	0,457277	0,410606	1	0	0
0,84	0,424202	0,460751	0,371234	0,482379	0,391492	0,43081	0,457504	0,436593	0,546025	0,393736	0,432759	0,464859	0,416873	0,440835	0,459013	0,51868	0,408984	0,478773	0,309725	0,568116	0,407873	0,49456	0,513173	0,496435	0	1	0
0,88	0,410691	0,417283	0,288726	0,475153	0,528386	0,441215	0,450856	0,44736	0,613143	0,5433	0,510519	0,441243	0,460827	0,38056	0,409755	0,496306	0,431372	0,477055	0,299873	0,568023	0,511331	0,49456	0,513173	0,496435	0	0	1
0,88	0,410691	0,419732	0,288726	0,502445	0,526975	0,419673	0,429653	0,425075	0,531297	0,536264	0,48545	0,444213	0,434024	0,383294	0,436041	0,493067	0,423299	0,493377	0,30709	0,547395	0,496452	0,49456	0,513173	0,496435	0	0	1
0,88	0,454295	0,404232	0,251239	0,470201	0,466497	0,425117	0,434518	0,430705	0,736159	0,439861	0,429841	0,433357	0,43242	0,471095	0,368766	0,512701	0,472215	0,468166	0,298613	0,568284	0,431943	0,49456	0,513173	0,496435	0	0	1
0,4	0,402637	0,443891	0,512731	0,39351	0,370084	0,510622	0,580269	0,567215	0,712445	0,798103	0,499148	0,267044	0,293693	0,216217	0,597319	0,49162	0,414239	0,564111	0,253649	0	0,676539	0,540847	0,572392	0,9	0	0	1
0,4	0,517075	0,486338	0,506714	0,521686	0,645686	0,39758	0,384987	0,377737	0,506543	0,572878	0,503343	0,393432	0,389805	0,312959	0,452521	0,4634	0,442125	0,9	0,240806	0	0,588008	0,49456	0,513173	0,496435	0	1	0
0,4	0,523718	0,540647	0,55512	0,449475	0,511514	0,395971	0,405954	0,400395	0,305393	0,422607	0,408203	0,404326	0,430801	0,508563	0,54686	0,43387	0,451285	0,604765	0,274543	0	0,44406	0,49456	0,513173	0,496435	0	1	0
0,4	0,517918	0,521214	0,614082	0,317197	0,242606	0,42987	0,494016	0,355555	0,031301	0,151237	0,319405	0,22902	0,266522	0,404052	0,493799	0,401297	0,503594	0,793243	0,175835	0,634561	0,553293	0,9	0,9	0,691593	1	0	0
0,36	0,513665	0,515347	0,565441	0,468908	0,486939	0,404786	0,403398	0,389986	0,391229	0,30959	0,401444	0,499342	0,504267	0,645632	0,464748	0,366715	0,47494	0,431977	0,251097	0	0,305968	0,49456	0,513173	0,496435	0	0	1
0,44	0,472439	0,464224	0,390433	0,675762	0,856771	0,37412	0,389293	0,380609	0,501504	0,409165	0,356355	0,456326	0,378366	0,5388	0,448824	0,437609	0,482108	0,567714	0,253921	0,812719	0,428748	0,49456	0,513173	0,496435	0	0	1
0,44	0,771537	0,780342	0,9	0,437665	0,526673	0,362164	0,36987	0,365704	0,655879	0,515934	0,859756	0,603627	0,679514	0,264469	0,331575	0,550775	0,41701	0,465055	0,347228	0	0,714374	0,49456	0,513173	0,496435	0	0	1
0,44	0,508434	0,480371	0,550769	0,532369	0,628301	0,395053	0,397278	0,395868	0,574195	0,647912	0,518865	0,43316	0,39804	0,316764	0,433104	0,457787	0,469528	0,507078	0,298932	0	0,534389	0,49456	0,513173	0,496435	0	1	0
0,52	0,553246	0,56419	0,645169	0,353957	0,176967	0,481757	0,484742	0,484948	0,551789	0,653577	0,541774	0,499079	0,465669	0,316764	0,401645	0,454588	0,429703	0,509375	0,241127	0	0,588629	0,51413	0,457277	0,410606	0	1	0
0,52	0,47458	0,490653	0,448689	0,529508	0,641837	0,381499	0,389829	0,385644	0,575417	0,518341	0,457222	0,38287	0,372766	0,344733	0,495868	0,483341	0,437891	0,470642	0,268674	0,441396	0,452532	0,49456	0,513173	0,496435	0	1	0
0,48	0,497516	0,501563	0,548541	0,63458	0,739461	0,422682	0,420832	0,426364	0,545232	0,489439	0,507542	0,751082	0,614765	0,566378	0,456129	0,429721	0,49028	0,465274	0,319629	0,554914	0,464407	0,49456	0,513173	0,496435	0	0	1
0,48	0,445705	0,419732	0,288726	0,486865	0,603768	0,391999	0,40789	0,397488	0,472048	0,439499	0,438393	0,413423	0,440596	0,46531	0,449403	0,448072	0,469435	0,535268	0,257025	0,690704	0,453899	0,49456	0,513173	0,496435	0	0	1
0,48	0,346646	0,333239	0,251239	0,526245	0,596863	0,359896	0,388751	0,363366	0,557276	0,40116	0,425443	0,339549	0,319858	0,320492	0,456263	0,474747	0,445482	0,597531	0,271728	0,648357	0,413395	0,49456	0,513173	0,496435	0	0	1
0,56	0,390578	0,422132	0,313196	0,484147	0,542865	0,400983	0,410612	0,40576	0,554302	0,412449	0,444185	0,400912	0,406609	0,411384	0,55174	0,453174	0,431842	0,470362	0,286088	0,565317	0,425479	0,49456	0,513173	0,496435	0	0	1
0,64	0,511938	0,502871	0,458275	0,492515	0,562371	0,419443	0,437374	0,424837	0,670548	0,531602	0,503472	0,439736	0,447511	0,37499	0,460925	0,472424	0,449483	0,461862	0,28865	0	0,480091	0,49456	0,513173	0,496435	0	0	1
0,64	0,410691	0,389546	0,288726	0,503624	0,569426	0,395238	0,413891	0,399827	0,727694	0,563681	0,513916	0,383432	0,380185	0,292619	0,407594	0,52201	0,445095	0,49431	0,292945	0,572497	0,529333	0,49456	0,513173	0,496435	0	0	1
0,64	0,465856	0,478839	0,515638	0,475629	0,519787	0,39828	0,418578	0,402968	0,514118	0,456781	0,567401	0,47396	0,490659	0,347965	0,437137	0,500315	0,448934	0,485229	0,303994	0,506226	0,520567	0,49456	0,513173	0,496435	0	0	1
0,64	0,432605	0,449755	0,331806	0,494299	0,531601	0,396333	0,411092	0,400957	0,579527	0,491358	0,436473	0,37959	0,372289	0,37499	0,408922	0,469313	0,435711	0,493494	0,28451	0,610993	0,449761	0,49456	0,513173	0,496435	0	0	1
0,64	0,44696	0,445875	0,346999	0,504075	0,631747	0,40509	0,415792	0,410003	0,618737	0,66034	0,535492	0,429255	0,431774	0,324148	0,419524	0,553777	0,407881	0,479035	0,282379	0,575074	0,553293	0,557227	0,35625	0,432002	0	0	1
0,64	0,371392	0,352646	0,346999	0,503739	0,512129	0,454722	0,443723	0,44166	0,524556	0,621722	0,599209	0,53262	0,518781	0,341448	0,366007	0,522896	0,471405	0,602491	0,297477	0,523109	0,742399	0,49456	0,513173	0,496435	0	0	1
0,64	0,488883	0,515347	0,503595	0,559523	0,652189	0,424806	0,433561	0,430383	0,687072	0,635934	0,566558	0,547263	0,498142	0,354279	0,392847	0,507291	0,422052	0,484102	0,296477	0,549848	0,564184	0,49456	0,513173	0,496435	0	0	1
0,64	0,381309	0,422132	0,313196	0,480152	0,548888	0,408751	0,426922	0,412604	0,554224	0,587869	0,533723	0,449545	0,448392	0,341448	0,559416	0,52341	0,404221	0,522863	0,286308	0,574274	0,592924	0,557227	0,35625	0,432002	0	1	0
0,64	0,402637	0,443891	0,371234	0,484901	0,512129	0,409731	0,425644	0,414798	0,491571	0,457622	0,445591	0,428237	0,423817	0,429915	0,514762	0,487182	0,438176	0,473617	0,292945	0,611734	0,428748	0,49456	0,513173	0,496435	0	1	0
0,64	0,459014	0,487791	0,506714	0,538193	0,597237	0,392391	0,414569	0,396887	0,565356	0,453388	0,434302	0,403843	0,372289	0,38056	0,491994	0,489496	0,460628	0,482966	0,287604	0,541214	0,438128	0,49456	0,513173	0,496435	0	1	0
0,64	0,469179	0,439828	0,371234	0,507241	0,584711	0,401961	0,412276	0,40677	0,377746	0,408336	0,3967	0,411946	0,404319	0,491331	0,447357	0,437003	0,476606	0,476522	0,294396	0,575499	0,376159	0,49456	0,513173	0,496435	0	1	0
0,64	0,462469	0,469271	0,453583	0,52007	0,581578	0,412956	0,425459	0,418131	0,786522	0,64914	0,607247	0,526628	0,504912	0,324148	0,400182	0,556248	0,41995	0,504041	0,314322	0,533846	0,619051	0,49456	0,513173	0,496435	0	1	0
0,64	0,443168	0,433481	0,313196	0,53144	0,557216	0,373546	0,399545	0,37744	0,679185	0,45012	0,536729	0,47818	0,444539	0,334712	0,407594	0,535959	0,412499	0,475314	0,334288	0,533036	0,448356	0,49456	0,513173	0,496435	0	1	0
0,64	0,448205	0,472535	0,313196	0,522495	0,553894	0,39278	0,40172	0,397289	0,482878	0,435666	0,41638	0,405406	0,378366	0,413779	0,510298	0,465125	0,429703	0,479362	0,290268	0,565146	0,407873	0,49456	0,513173	0,496435	0	1	0
0,64	0,415327	0,447829	0,420329	0,707383	0,732932	0,384802	0,395071	0,389053	0,527731	0,500608	0,430294	0,524301	0,376986	0,388663	0,423689	0,476139	0,422589	0,473822	0,279598	0,553273	0,409739	0,49456	0,513173	0,496435	0	1	0
0,64	0,47564	0,486338	0,523986	0,524879	0,529894	0,408609	0,421332	0,413639	0,671777	0,57066	0,522525	0,458691	0,426178	0,331254	0,413677	0,504077	0,44644	0,503663	0,334561	0,531113	0,566984	0,49456	0,513173	0,496435	1	0	0
0,64	0,358465	0,395647	0,313196	0,520863	0,566243	0,415993	0,431764	0,421271	0,696623	0,613072	0,523874	0,46201	0,446031	0,347965	0,444421	0,481028	0,445031	0,49999	0,322949	0,538328	0,551035	0,49456	0,513173	0,496435	1	0	0
0,64	0,468078	0,458981	0,390433	0,522722	0,546128	0,419673	0,424526	0,425075	0,616271	0,625215	0,526096	0,49522	0,461643	0,363403	0,414904	0,482436	0,427993	0,47457	0,305098	0,531934	0,537682	0,49456	0,513173	0,496435	1	0	0
0,64	0,390578	0,40144	0,398775	0,539267	0,585658	0,400653	0,417095	0,405419	0,710153	0,560705	0,498748	0,43167	0,399634	0,327734	0,407716	0,519337	0,461614	0,462761	0,306436	0,554199	0,502564	0,49456	0,513173	0,496435	1	0	0
0,64	0,453094	0,462499	0,251239	0,553669	0,631566	0,399311	0,411569	0,413345	0,184419	0,391727	0,376821	0,462338	0,401994	0,531127	0,477102	0,454723	0,440005	0,496783	0,30786	0,54182	0,368744	0,49456	0,513173	0,496435	1	0	0
0,6	0,453094	0,462499	0,313196	0,498178	0,5884	0,39278	0,409515	0,397289	0,645265	0,549336	0,478975	0,376817	0,382872	0,331254	0,359655	0,524308	0,42666	0,497635	0,275141	0,647266	0,508459	0,49456	0,513173	0,496435	0	0	1
0,6	0,439286	0,470913	0,426626	0,463743	0,499733	0,423754	0,437674	0,429295	0,784938	0,652451	0,562793	0,432168	0,447511	0,312959	0,310205	0,641507	0,369923	0,483788	0,305504	0,544855	0,559904	0,49456	0,513173	0,496435	0	0	1
0,6	0,358465	0,343413	0,288726	0,516345	0,560137	0,379758	0,392936	0,383848	0,546738	0,46162	0,392061	0,335503	0,306316	0,344733	0,457518	0,512341	0,428404	0,512548	0,262498	0,600631	0,44406	0,49456	0,513173	0,496435	0	0	1
0,6	0,437972	0,386368	0,251239	0,50973	0,54237	0,408892	0,423385	0,413931	0,746137	0,58829	0,518517	0,418856	0,401212	0,309072	0,376812	0,541441	0,442796	0,468594	0,29276	0,562501	0,500552	0,49456	0,513173	0,496435	0	0	1
0,6	0,394125	0,395647	0	0,543044	0,66552	0,38937	0,396343	0,393768	0,571899	0,552426	0,506282	0,43127	0,407365	0,338109	0,414682	0,503052	0,431136	0,474909	0,291052	0,473899	0,49118	0,49456	0,513173	0,496435	0	0	1
0,6	0,425634	0,460751	0,331806	0,514293	0,60711	0,391004	0,404489	0,395455	0,590087	0,521913	0,461697	0,395372	0,388956	0,360406	0,456926	0,498365	0,41363	0,490719	0,287177	0,570167	0,480091	0,49456	0,513173	0,496435	0	1	0
0,6	0,517918	0,497568	0,506714	0,543714	0,608962	0,422682	0,429134	0,428186	0,690823	0,638562	0,547328	0,487302	0,455566	0,334712	0,432131	0,509605	0,445867	0,51911	0,303003	0,353637	0,606413	0,49456	0,513173	0,496435	0	1	0
0,6	0,40591	0,414784	0,331806	0,494289	0,522223	0,409173	0,425181	0,414222	0,686199	0,566853	0,506029	0,405883	0,396833	0,316764	0,423985	0,503989	0,430024	0,463209	0,310567	0,582749	0,470627	0,49456	0,513173	0,496435	0	1	0
0,6	0,481874	0,486338	0,483046	0,542085	0,662092	0,377952	0,390536	0,381985	0,671572	0,492385	0,539474	0,514623	0,490659	0,377793	0,448459	0,502049	0,454817	0,497067	0,295102	0,521507	0,494364	0,49456	0,513173	0,496435	0	1	0
0,6	0,431234	0,451652	0,413632	0,497697	0,556045	0,407752	0,421332	0,412753	0,651704	0,56921	0,499148	0,411374	0,410353	0,338109	0,404234	0,496536	0,428075	0,469587	0,309603	0,605841	0,502564	0,49456	0,513173	0,496435	0	1	0
0,6	0,412252	0,395647	0,251239	0,521271	0,5701	0,39393	0,406866	0,398476	0,554929	0,492532	0,428009	0,373381	0,353394	0,360406	0,427645	0,483124	0,440213	0,470852	0,277437	0,599217	0,415187	0,49456	0,513173	0,496435	0	1	0
0,6	0,478784	0,470913	0,521262	0,49262	0,51428	0,408892	0,413891	0,40559	0,400927	0,567865	0,514155	0,472965	0,439364	0,354279	0,551234	0,476651	0,440005	0,511278	0,289061	0,481127	0,567677	0,49456	0,513173	0,496435	0	1	0
0,6	0,450668	0,475723	0,515638	0,492338	0,45525	0,410145	0,421531	0,415226	0,703577	0,584268	0,506535	0,454184	0,406988	0,334712	0,464748	0,495591	0,445739	0,471827	0,313664	0,504786	0,504552	0,49456	0,513173	0,496435	1	0	0
0,68	0,511068	0,520059	0,462784	0,440857	0,533805	0,383648	0,414457	0,40077	0,393745	0,598025	0,466532	0,32221	0,346078	0,316764	0,538608	0,469341	0,435563	0,483472	0,256021	0,843468	0,579743	0,557227	0,35625	0,432002	0	0	1
0,68	0,508434	0,50924	0,509758	0,434287	0,452605	0,433091	0,441377	0,438953	0,682361	0,547177	0,525986	0,443845	0,482622	0,385994	0,386175	0,490602	0,455042	0,476989	0,310923	0,544657	0,524127	0,49456	0,513173	0,496435	0	0	1
0,68	0,489863	0,487791	0,426626	0,47051	0,501604	0,427447	0,441024	0,433115	0,869301	0,433075	0,434957	0,424619	0,439364	0,471095	0,2864	0,622822	0,428322	0,516778	0,29163	0,573863	0,461847	0,49456	0,513173	0,496435	0	0	1
0,68	0,415327	0,429064	0,251239	0,425738	0,421383	0,46911	0,477849	0,47625	0,803616	0,730942	0,616554	0,525723	0,575802	0,37499	0,383863	0,589656	0,406077	0,491195	0,323391	0,397004	0,656957	0,49456	0,513173	0,496435	0	0	1
0,68	0,491806	0,504167	0,453583	0,494268	0,528688	0,414116	0,431181	0,41933	0,618592	0,54171	0,500867	0,434145	0,431774	0,360406	0,424965	0,514592	0,422231	0,459583	0,300792	0,51949	0,453899	0,49456	0,513173	0,496435	0	0	1
0,68	0,47982	0,475723	0,490282	0,442399	0,452384	0,455326	0,442837	0,437927	0,359314	0,587237	0,582019	0,51402	0,549491	0,385994	0,472366	0,436502	0,458347	0,515399	0,321044	0,544064	0,584237	0,49456	0,513173	0,496435	0	0	1
0,68	0,509316	0,53231	0,605236	0,434815	0,422419	0,429107	0,441377	0,434831	0,637291	0,546575	0,551388	0,473272	0,493186	0,372151	0,439285	0,496737	0,461614	0,469446	0,318462	0,501071	0,495412	0,49456	0,513173	0,496435	0	1	0
0,68	0,415327	0,431292	0,251239	0,529227	0,575952	0,415	0,429394	0,420244	0,633526	0,532363	0,495508	0,432069	0,40585	0,338109	0,365354	0,508255	0,421691	0,484542	0,30824	0,50455	0,506517	0,49456	0,513173	0,496435	0	1	0
0,68	0,386942	0,424486	0,331806	0,51331	0,605626	0,407752	0,398499	0,397488	0,463806	0,68658	0,607774	0,468371	0,454155	0,279152	0,448532	0,451696	0,413732	0,481241	0,285867	0,561881	0,645998	0,49456	0,513173	0,496435	0	1	0
0,68	0,508434	0,533377	0,47535	0,517447	0,545635	0,391999	0,405691	0,396482	0,560705	0,494429	0,445591	0,399548	0,371811	0,360406	0,45133	0,484516	0,411769	0,481882	0,288235	0,589357	0,442599	0,49456	0,513173	0,496435	0	1	0
0,68	0,431234	0,429064	0,381315	0,508082	0,580627	0,399311	0,414682	0,404033	0,640969	0,559091	0,457767	0,368128	0,361884	0,331254	0,356239	0,488097	0,440558	0,478969	0,294927	0,613975	0,487933	0,49456	0,513173	0,496435	0	1	0
0,68	0,419827	0,439828	0,251239	0,516248	0,547214	0,397931	0,413549	0,402608	0,572282	0,516471	0,462049	0,413536	0,389805	0,360406	0,457387	0,496277	0,423123	0,470291	0,282863	0,57668	0,457925	0,49456	0,513173	0,496435	0	1	0
0,68	0,461325	0,348135	0,359928	0,447859	0,370581	0,441446	0,451394	0,447599	0,679997	0,540235	0,517935	0,456496	0,433064	0,344733	0,509305	0,534327	0,453101	0,46395	0,322682	0,486256	0,507491	0,49456	0,513173	0,496435	0	1	0
0,68	0,429853	0,445875	0,346999	0,52304	0,496709	0,433624	0,445784	0,439505	0,688413	0,638291	0,565114	0,543282	0,49568	0,354279	0,454378	0,494329	0,432695	0,515201	0,321229	0,531186	0,636906	0,49456	0,513173	0,496435	1	0	0
0,68	0,488883	0,50924	0,453583	0,481611	0,422419	0,424806	0,431764	0,430383	0,388803	0,396386	0,425443	0,477509	0,434343	0,482313	0,50519	0,478033	0,41363	0,502359	0,325365	0,51166	0,441124	0,49456	0,513173	0,496435	1	0	0
0,68	0,445705	0,501563	0,443573	0,553417	0,581483	0,39278	0,409638	0,403147	0,33771	0,423967	0,396093	0,469787	0,372289	0,440835	0,547314	0,53764	0,375383	0,509737	0,29813	0,547932	0,418703	0,44964	0,457277	0,410606	1	0	0
