=== Run information ===

Scheme:       weka.classifiers.functions.LinearRegression -S 0 -R 1.0E-8
Relation:     QueryResult
Instances:    824
Attributes:   10
              price
              origin
              engine_type
              body_type
              gear_type
              steering_wheel
              transmission
              displacement
              run
              year
Test mode:    split 80% train, remainder test

=== Classifier model (full training set) ===


Linear Regression Model

price =

 101779.55   * origin=korea,usa,europe,japan +
  34682.621  * origin=usa,europe,japan +
 145336.1116 * origin=europe,japan +
 -43753.3559 * origin=japan +
  43838.0698 * engine_type=INJECTOR_GASOLINE,DIESEL_SUPERCHARGING_GASOLINE,TURBO_SUPERCHARGING_GASOLINE +
 102173.0164 * engine_type=DIESEL_SUPERCHARGING_GASOLINE,TURBO_SUPERCHARGING_GASOLINE +
  38146.0484 * body_type=SEDAN,COUPE,UNIVERSAL,MINI_WEN,ALLROAD +
  45280.9942 * body_type=COUPE,UNIVERSAL,MINI_WEN,ALLROAD +
 -47987.1787 * body_type=UNIVERSAL,MINI_WEN,ALLROAD +
  33431.3185 * body_type=MINI_WEN,ALLROAD +
  46798.4552 * body_type=ALLROAD +
  28646.6964 * gear_type=ALL_WHEEL_DRIVE +
  75759.3707 * steering_wheel=LEFT +
  76357.5228 * transmission=AUTOMATIC +
1057560.0754 * displacement +
 540752.1108 * run +
 497824.1358 * year +
-1309622.5618

Time taken to build model: 0.03 seconds

=== Predictions on test split ===

 inst#,    actual, predicted, error
     1 864850     809785.587 -55064.413
     2 502250     544966.522  42716.522
     3 385000     485412.29  100412.29 
     4 502250     519480.909  17230.909
     5 178850     357632.419 178782.419
     6 135000     201267.798  66267.798
     7 999999     1021621.226  21622.226
     8 110000     119307.165   9307.165
     9 480000     460134.595 -19865.405
    10 215000     327470.758 112470.758
    11 730100     551610.822 -178489.178
    12 286650     365920.786  79270.786
    13 597800     622719.42   24919.42 
    14 195000     223963.711  28963.711
    15 539000     437196.592 -101803.408
    16 520000     472654.05  -47345.95 
    17 575750     617361.533  41611.533
    18 385000     554989.674 169989.674
    19 335000     471356.474 136356.474
    20 290000     378057.611  88057.611
    21 869750     622117.715 -247632.285
    22 463050     557908.687  94858.687
    23 520000     652245.985 132245.985
    24 370000     444934.026  74934.026
    25 210000     230181.525  20181.525
    26 210000     267492.643  57492.643
    27 882000     659401.848 -222598.152
    28 619000     632950.006  13950.006
    29 361375     411052.258  49677.258
    30 160000     136156.07  -23843.93 
    31 943250     617828.384 -325421.616
    32 333200     320079.418 -13120.582
    33 784000     669671.444 -114328.556
    34 530000     628825.677  98825.677
    35 362600     515059.061 152459.061
    36 150000     139455.958 -10544.042
    37 389550     523312.762 133762.762
    38 806050     663920.501 -142129.499
    39 754600     598083.678 -156516.322
    40 348000     213714.674 -134285.326
    41 664000     694788.183  30788.183
    42 840000     385746.226 -454253.774
    43 375000     493124.977 118124.977
    44 180000     169668.692 -10331.308
    45 450000     512274.866  62274.866
    46 144550     153470.807   8920.807
    47 490000     455263.892 -34736.108
    48 975100     759085.344 -216014.656
    49 183750     278244.356  94494.356
    50 690000     676943.604 -13056.396
    51 166600     177736.547  11136.547
    52 317500     341285.774  23785.774
    53 113600     169387.918  55787.918
    54 173800     230637.865  56837.865
    55 975100     831543.515 -143556.485
    56 565000     653240.067  88240.067
    57 659700     630011.893 -29688.107
    58 250000     330398.773  80398.773
    59 695000     566274.792 -128725.208
    60 894250     852259.864 -41990.136
    61 151900     119160.213 -32739.787
    62 585550     520490.323 -65059.677
    63 330000     447334.753 117334.753
    64 502250     472359.526 -29890.474
    65 477750     562384.407  84634.407
    66 188650     107326.74  -81323.26 
    67 416500     400858.064 -15641.936
    68 176400     302693.378 126293.378
    69 370000     385268.392  15268.392
    70 520000     425122.612 -94877.388
    71 295000     306962.799  11962.799
    72 600225.5   663968.841  63743.341
    73 340000     283505.236 -56494.764
    74 785000     667543.374 -117456.626
    75 610025.5   622101.991  12076.491
    76 310000     386761.844  76761.844
    77 428750     623862.122 195112.122
    78 230000     268520.014  38520.014
    79 570850     608883.352  38033.352
    80 325000     412549.563  87549.563
    81 250000     412745.387 162745.387
    82 240000     407402.142 167402.142
    83 269475.5   286817.228  17341.728
    84 686000     588215     -97785    
    85 649000     622716.792 -26283.208
    86 365050     394576.944  29526.944
    87 392000     311623.04  -80376.96 
    88 190000     152900.9   -37099.1  
    89 531650     600215.775  68565.775
    90 374850     523661.448 148811.448
    91 855050     670505.558 -184544.442
    92 144000      36207.824 -107792.176
    93 299000     276294.233 -22705.767
    94 147000     134038.794 -12961.206
    95 536550     490432.886 -46117.114
    96 525000     481870.332 -43129.668
    97 521700     485435.932 -36264.068
    98 399000     546368.649 147368.649
    99 340000     289028.239 -50971.761
   100 375000     266689.621 -108310.379
   101 441000     613666.452 172666.452
   102 262000     357908.479  95908.479
   103 355000     275268.734 -79731.266
   104 800000     778237.33  -21762.67 
   105 830550     640802.437 -189747.563
   106 430000     557989.928 127989.928
   107 305000     520700.774 215700.774
   108 977000     656317.419 -320682.581
   109 665000     676943.604  11943.604
   110 155000     316105.538 161105.538
   111 130000     296584.684 166584.684
   112 380000     373235.067  -6764.933
   113 882000     725266.228 -156733.772
   114 422000     451270.879  29270.879
   115 750000     508883.644 -241116.356
   116 515000     592160.264  77160.264
   117 872200     948955.323  76755.323
   118 757050     842954.887  85904.887
   119 345000     390723.945  45723.945
   120 210000     271990.682  61990.682
   121 906500     728677.456 -177822.544
   122 415000     506969.323  91969.323
   123 720300     777690.555  57390.555
   124 310000     323936.419  13936.419
   125 649250     622653.043 -26596.957
   126 125000     240146.76  115146.76 
   127 462315     478839.99   16524.99 
   128 614950     572601.982 -42348.018
   129 612500     552727.948 -59772.052
   130 450000     355108.407 -94891.593
   131 828100     777066.291 -51033.709
   132 155000     135286.655 -19713.345
   133 488775     529013.679  40238.679
   134 209800     392460.163 182660.163
   135 355000     428733.195  73733.195
   136 764400     674587.031 -89812.969
   137 125000     149788.467  24788.467
   138 239000     129508.097 -109491.903
   139 343000     723241.82  380241.82 
   140 575750     469216.983 -106533.017
   141 220475.5   276194.414  55718.914
   142 632576     659777.067  27201.067
   143 463050     430446.309 -32603.691
   144 116000      49695.102 -66304.898
   145 602700     610002.888   7302.888
   146 450800     522708.703  71908.703
   147 275625     225579.143 -50045.857
   148 264600     480121.836 215521.836
   149 300000     246542.848 -53457.152
   150 350000     379387.86   29387.86 
   151 558600     538041.851 -20558.149
   152 315000     395027.429  80027.429
   153 535000     570190.221  35190.221
   154 150000     235040.699  85040.699
   155 183750     271514.138  87764.138
   156 894250     801571.478 -92678.522
   157 200000     216155.231  16155.231
   158 133000     183562.404  50562.404
   159 637000     516305.881 -120694.119
   160 345000     359390.003  14390.003
   161 659050     705046.263  45996.263
   162 319000     280454.229 -38545.771
   163 160000     176295.887  16295.887
   164 634550     657315.476  22765.476
   165 105000     -38869.495 -143869.495

=== Evaluation on test split ===
=== Summary ===

Correlation coefficient                  0.8806
Mean absolute error                  84843.9571
Root mean squared error             111947.5693
Relative absolute error                 43.2361 %
Root relative squared error             47.3994 %
Total Number of Instances              165     

