=== Run information ===

Scheme:       weka.classifiers.functions.LinearRegression -S 0 -R 1.0E-8
Relation:     QueryResult
Instances:    1000
Attributes:   10
              price
              origin
              engine_type
              body_type
              gear_type
              steering_wheel
              transmission
              displacement
              run
              year
Test mode:    2-fold cross-validation

=== Classifier model (full training set) ===


Linear Regression Model

price =

  81232.1307 * origin=korea,usa,japan,europe +
 145284.1767 * origin=japan,europe +
 237639.9924 * origin=europe +
 102413.6424 * engine_type=DIESEL_SUPERCHARGING_GASOLINE,TURBO_SUPERCHARGING_GASOLINE +
-110450.052  * engine_type=TURBO_SUPERCHARGING_GASOLINE +
 103875.7398 * body_type=COUPE,MINI_WEN,ALLROAD +
  55300.5765 * body_type=ALLROAD +
  67284.928  * gear_type=ALL_WHEEL_DRIVE +
  34507.6107 * transmission=AUTOMATIC +
2596399.3294 * displacement +
2190239.8674 * run +
 891276.7362 * year +
-3712243.9321

Time taken to build model: 0.06 seconds

=== Predictions on test data ===

 inst#,    actual, predicted, error
     1 619000     666235.007  47235.007
     2 428725.5   522670.914  93945.414
     3 722750     712862.42   -9887.58 
     4 570000     603281.773  33281.773
     5 320950     487735.413 166785.413
     6 2031050 1274400.274 -756649.726
     7 686000     708336.414  22336.414
     8 509600     580384.053  70784.053
     9 539000     799992.91  260992.91 
    10 415275     431846.775  16571.775
    11 547000     527966.474 -19033.526
    12 500000     605513.307 105513.307
    13 2499000 1749863.907 -749136.093
    14 230000     274379.072  44379.072
    15 300000     179706.551 -120293.449
    16 220500     244460.947  23960.947
    17 1090250 994301.091 -95948.909
    18 1036350 1073490.453  37140.453
    19 318500     323097.846   4597.846
    20 370000     250865.633 -119134.367
    21 661500     648668.458 -12831.542
    22 1330000 1118596.613 -211403.387
    23 265000     709190.594 444190.594
    24 490000     387290.006 -102709.994
    25 102900     -112752.112 -215652.112
    26 180000      66587.781 -113412.219
    27 225000     480317.205 255317.205
    28 587000     425104.894 -161895.106
    29 475000     464451.689 -10548.311
    30 180000     109949.998 -70050.002
    31 620000     765261.822 145261.822
    32 150000     128494.603 -21505.397
    33 617000     1007416.859 390416.859
    34 1107400 1047188.014 -60211.986
    35 1520000 1242570.621 -277429.379
    36 494900     683387.363 188487.363
    37 170000     151791.836 -18208.164
    38 250000     179883.285 -70116.715
    39 325000     252721.668 -72278.332
    40 525000     375780.109 -149219.891
    41 600000     452294.871 -147705.129
    42 612500     678320.034  65820.034
    43 220000     284447.296  64447.296
    44 269500     262395.444  -7104.556
    45 526750     685580.691 158830.691
    46 913070     957743.663  44673.663
    47 1375000 1522327.316 147327.316
    48 1225000 1652364.819 427364.819
    49 333200     346188.828  12988.828
    50 134750     -48388.033 -183138.033
    51 405000     434690.4    29690.4  
    52 931000     966810.344  35810.344
    53 299999     286886.333 -13112.667
    54 536550     648910.96  112360.96 
    55 950000     1144492.301 194492.301
    56 260000     243396.975 -16603.025
    57 472500     488082.392  15582.392
    58 167000     -54035.358 -221035.358
    59 1000000 866005.656 -133994.344
    60 374850     486554.562 111704.562
    61 200000     314771.267 114771.267
    62 135000     233036.419  98036.419
    63 490000     572863.948  82863.948
    64 1543500 1279775.564 -263724.436
    65 310000     445637.344 135637.344
    66 640000     803595.27  163595.27 
    67 135000     -125635.268 -260635.268
    68 410000     503819.319  93819.319
    69 3123750 1866038.613 -1257711.387
    70 526000     638092.712 112092.712
    71 1065000 835490.872 -229509.128
    72 399000     293547.005 -105452.995
    73 175000     176747.911   1747.911
    74 404900     517477.41  112577.41 
    75 830550     763274.44  -67275.56 
    76 1700000 1005937.433 -694062.567
    77 678650     740988.249  62338.249
    78 550000     517533.234 -32466.766
    79 385000     563538.069 178538.069
    80 318500     833583.821 515083.821
    81 280000     240767.68  -39232.32 
    82 1127000 947439.404 -179560.596
    83 760000     985651.421 225651.421
    84 355250     379375.559  24125.559
    85 421400     385041.674 -36358.326
    86 1040000 702300.796 -337699.204
    87 428750     511104.607  82354.607
    88 362600     329028.723 -33571.277
    89 1102500 1081638.149 -20861.851
    90 520000     567612.998  47612.998
    91 441000     510575.801  69575.801
    92 2231950 1349244.757 -882705.243
    93 1198050 1190303.109  -7746.891
    94 1643950 1507286.506 -136663.494
    95 322500     250514.134 -71985.866
    96 710500     606923.346 -103576.654
    97 373000     374594.301   1594.301
    98 575750     910408.759 334658.759
    99 1102475.5 1034249.485 -68226.015
   100 1541050 951077.465 -589972.535
   101 750000     842443.673  92443.673
   102 465500     430202.03  -35297.97 
   103 330000     231241.934 -98758.066
   104 405000     604773.955 199773.955
   105 955500     1695575.755 740075.755
   106 175000     134543.372 -40456.628
   107 290000     480579.553 190579.553
   108 1617000 1445008.435 -171991.565
   109 622300     664441.032  42141.032
   110 355500     597361.306 241861.306
   111 1690500 1429951.882 -260548.118
   112 477750     756522.175 278772.175
   113 1004500 803950.823 -200549.177
   114 470000     542679.139  72679.139
   115 759475.5   752779.762  -6695.738
   116 130000     313090.323 183090.323
   117 1222550 1340579.683 118029.683
   118 1957550 1697483.65 -260066.35
   119 200000      79648.062 -120351.938
   120 110000     -87114.487 -197114.487
   121 145000     260312.432 115312.432
   122 147000      61196.421 -85803.579
   123 1065750 975272.939 -90477.061
   124 196000     -298949.804 -494949.804
   125 700000     1147365.247 447365.247
   126 392000     119534.351 -272465.649
   127 1960000 1589396.693 -370603.307
   128 464275     457012.216  -7262.784
   129 133000     103250.942 -29749.058
   130 990000     878732.155 -111267.845
   131 150000      60159.132 -89840.868
   132 235000     288626.951  53626.951
   133 572000     812104.859 240104.859
   134 257250     333692.277  76442.277
   135 982719.5   907757.415 -74962.085
   136 1318100 1015249.567 -302850.433
   137 180000     225070.75   45070.75 
   138 118000     -23935.539 -141935.539
   139 416475.5   459044.321  42568.821
   140 637000     664131.78   27131.78 
   141 420000     331485.468 -88514.532
   142 1359505 1439439.599  79934.599
   143 1318100 1067301.193 -250798.807
   144 561050     693028.908 131978.908
   145 2587200 1357334.392 -1229865.608
   146 877100     940260.485  63160.485
   147 330750     224084.586 -106665.414
   148 149000     -74452.274 -223452.274
   149 390000     649571.999 259571.999
   150 531650     763334.557 231684.557
   151 1396500 1208437.029 -188062.971
   152 421400     494473.846  73073.846
   153 575750     358971.234 -216778.766
   154 539000     497683.873 -41316.127
   155 140000     -163282.5 -303282.5
   156 139650     -62486.067 -202136.067
   157 160000     246567.03   86567.03 
   158 1077975.5 1134557.732  56582.232
   159 1101665 1180479.706  78814.706
   160 855050     885653.869  30603.869
   161 781550     741003.418 -40546.582
   162 690000     775991.124  85991.124
   163 300125     266477.83  -33647.17 
   164 480000     539948.551  59948.551
   165 509000     415376.592 -93623.408
   166 300000     178708.168 -121291.832
   167 550000     748448.049 198448.049
   168 450000     408060.923 -41939.077
   169 418000     566659.529 148659.529
   170 420000     632850.262 212850.262
   171 290000     549227.632 259227.632
   172 156800     348826.315 192026.315
   173 550000     633030.186  83030.186
   174 500000     510158.196  10158.196
   175 760000     622847.109 -137152.891
   176 320000     566611.208 246611.208
   177 2891000 1357334.392 -1533665.608
   178 1685036.5 1438624.294 -246412.206
   179 307000     397062.784  90062.784
   180 384650     543503.379 158853.379
   181 329000     385288.341  56288.341
   182 485100     551842.081  66742.081
   183 441000     688892.344 247892.344
   184 744800     913459.569 168659.569
   185 416500     375006.526 -41493.474
   186 463050     535526.297  72476.297
   187 1151500 937775.033 -213724.967
   188 1151377.5 1060794.285 -90583.215
   189 1338067.5 1118596.613 -219470.887
   190 1300000 1294724.977  -5275.023
   191 1224951 1172192.106 -52758.894
   192 527975     773662.803 245687.803
   193 735000     772402.065  37402.065
   194 800000     1141571.19 341571.19 
   195 502250     360107.943 -142142.057
   196 1274000 1079934.432 -194065.568
   197 318000     511743.694 193743.694
   198 257250     732464.542 475214.542
   199 435536.5   521168.857  85632.357
   200 1761550 1093951.594 -667598.406
   201 2572500 1643179.97 -929320.03
   202 500000     1549472.882 1049472.882
   203 1041250 958171.742 -83078.258
   204 634550     1176071.511 541521.511
   205 502250     524519.019  22269.019
   206 359170     271183.296 -87986.704
   207 490000     614989.443 124989.443
   208 1457750 1385929.739 -71820.261
   209 379750     843079.194 463329.194
   210 120000      -3328.407 -123328.407
   211 2327500 1689259.005 -638240.995
   212 472850     684551.71  211701.71 
   213 711000     676428.603 -34571.397
   214 2050000 1698773.087 -351226.913
   215 882000     771217.367 -110782.633
   216 2474500 1631831.368 -842668.632
   217 342975.5   286841.363 -56134.137
   218 764400     704856.646 -59543.354
   219 284200     288520.817   4320.817
   220 759500     1237285.192 477785.192
   221 436100     823597.516 387497.516
   222 3552622.5 1812489.592 -1740132.908
   223 147000     109742.098 -37257.902
   224 300000     491440.361 191440.361
   225 428750     688937.878 260187.878
   226 208250     217134.674   8884.674
   227 100000     -121306.491 -221306.491
   228 178850     378165.102 199315.102
   229 399000     455764.113  56764.113
   230 1506750 1389252.59 -117497.41
   231 1418550 930366.011 -488183.989
   232 394450     472100.156  77650.156
   233 416500     354839.845 -61660.155
   234 375000     515104.14  140104.14 
   235 190000     170439.328 -19560.672
   236 588000     788465.669 200465.669
   237 649250     712259.408  63009.408
   238 620000     918370.714 298370.714
   239 869750     684125.208 -185624.792
   240 300000     411382.361 111382.361
   241 610050     609325.305   -724.695
   242 114900     -32758.211 -147658.211
   243 1065750 957839.468 -107910.532
   244 857500     494300.895 -363199.105
   245 784000     962085.485 178085.485
   246 280000     144422.581 -135577.419
   247 250000     343363.495  93363.495
   248 500000     510793.95   10793.95 
   249 115000     -84982.977 -199982.977
   250 125000      47620.72  -77379.28 
   251 650000     560765.486 -89234.514
   252 160000      81029.685 -78970.315
   253 230000     314771.267  84771.267
   254 379750     221322.621 -158427.379
   255 171500     108770.459 -62729.541
   256 296450     284269.152 -12180.848
   257 315000     147392.365 -167607.635
   258 1518975.5 1559860.544  40885.044
   259 410000     515016.9   105016.9  
   260 427770     430276.65    2506.65 
   261 428750     460395.227  31645.227
   262 560000     763519.505 203519.505
   263 470000     456648.86  -13351.14 
   264 330750     456987.415 126237.415
   265 290000     400249.139 110249.139
   266 732550     720608.142 -11941.858
   267 2099000 1088984.454 -1010015.546
   268 365000     533641.909 168641.909
   269 329000     300234.974 -28765.026
   270 155000     -34809.592 -189809.592
   271 222950     291335.792  68385.792
   272 228000     144561.127 -83438.873
   273 1200000 714162.729 -485837.271
   274 833000     1110766.695 277766.695
   275 1200500 1199915.751   -584.249
   276 565000     731375.912 166375.912
   277 619850     755288.551 135438.551
   278 170000      30969.836 -139030.164
   279 285000     392899.26  107899.26 
   280 361000     514060.117 153060.117
   281 2817500 1357324.14 -1460175.86
   282 806050     860832.711  54782.711
   283 270000     348101.329  78101.329
   284 375000     308127.398 -66872.602
   285 1426000 1367825.738 -58174.262
   286 1028975.5 1162299.681 133324.181
   287 636975.5   748307.28  111331.78 
   288 4007500 1915254.164 -2092245.836
   289 441000     338151.964 -102848.036
   290 389550     720291.546 330741.546
   291 187000     332699.476 145699.476
   292 436000     540652.706 104652.706
   293 134750      -2425.9   -137175.9
   294 165000     133441.88  -31558.12 
   295 498000     548941.634  50941.634
   296 1129990 1226344.962  96354.962
   297 386700     543126.651 156426.651
   298 685000     775774.701  90774.701
   299 1300000 1106127.286 -193872.714
   300 209800     470826     261026    
   301 595000     652897.194  57897.194
   302 155000     319412.48  164412.48 
   303 360000     390004.238  30004.238
   304 570850     710804.914 139954.914
   305 660000     545621.086 -114378.914
   306 580000     984671.072 404671.072
   307 1200000 1138011.162 -61988.838
   308 319000     233397.773 -85602.227
   309 1394050 1420804.764  26754.764
   310 220000     262493.117  42493.117
   311 3481624 1352814.695 -2128809.305
   312 894250     1029670.204 135420.204
   313 760000     878835.32  118835.32 
   314 530000     593560.423  63560.423
   315 1323000 1008325.739 -314674.261
   316 3388918 1695639.872 -1693278.128
   317 1157000 1005015.006 -151984.994
   318 104125     314233.205 210108.205
   319 530000     679037.826 149037.826
   320 305000     432418.06  127418.06 
   321 315000     317980.744   2980.744
   322 267050     114251.193 -152798.807
   323 222460     220710.945  -1749.055
   324 385000     498378.456 113378.456
   325 455000     427585.778 -27414.222
   326 392000     578527.139 186527.139
   327 796005     754713.376 -41291.624
   328 470000     715410.66  245410.66 
   329 457999     542769.162  84770.162
   330 561050     560199.82    -850.18 
   331 399000     314500.289 -84499.711
   332 460000     423890.529 -36109.471
   333 290000     415376.592 125376.592
   334 1149050 849046.793 -300003.207
   335 490000     461216.609 -28783.391
   336 1127000 1102135.644 -24864.356
   337 3136000 1710212.451 -1425787.549
   338 130000     -50428.273 -180428.273
   339 554999     468597.577 -86401.423
   340 2352000 1716238.862 -635761.138
   341 100000     -180253.887 -280253.887
   342 1399000 1329331.419 -69668.581
   343 735000     952070.86  217070.86 
   344 685975.5   1111349.219 425373.719
   345 500000     461640.858 -38359.142
   346 290000     762683.197 472683.197
   347 1666000 1952739.615 286739.615
   348 624750     553702.593 -71047.407
   349 143325      53625.331 -89699.669
   350 906500     997562.69   91062.69 
   351 580500     715841.37  135341.37 
   352 348000     116589.644 -231410.356
   353 463050     511542.669  48492.669
   354 612500     573058.946 -39441.054
   355 300000     241085.024 -58914.976
   356 665000     775991.124 110991.124
   357 318500     316170.471  -2329.529
   358 683256     663901.138 -19354.862
   359 1085350 1183377.387  98027.387
   360 165000      -5519.968 -170519.968
   361 422000     552106.162 130106.162
   362 269000     397572.945 128572.945
   363 379750     280707.244 -99042.756
   364 305000     361798.53   56798.53 
   365 2006550 1673411.437 -333138.563
   366 980000     836390.56  -143609.44
   367 140000      49284.536 -90715.464
   368 1836000 1301844.078 -534155.922
   369 997150     717339.72  -279810.28
   370 499800     589706.814  89906.814
   371 317500     436662.767 119162.767
   372 343000     1056216.284 713216.284
   373 463050     463536.965    486.965
   374 747250     817070.454  69820.454
   375 416500     633695.816 217195.816
   376 750000     444481.688 -305518.312
   377 218050     308866.383  90816.383
   378 510000     468350.267 -41649.733
   379 454999     580974.641 125975.641
   380 190000     442190.151 252190.151
   381 585000     611801.026  26801.026
   382 220000     315114.156  95114.156
   383 225000     515906.256 290906.256
   384 1225000 1302321.323  77321.323
   385 636975.5   792627.039 155651.539
   386 1467550 1465715.594  -1834.406
   387 365050     439722.359  74672.359
   388 404250     636042.275 231792.275
   389 1090250 1136013.628  45763.628
   390 465500     431379.764 -34120.236
   391 619850     805628.283 185778.283
   392 355000     416676.786  61676.786
   393 620000     815098.792 195098.792
   394 700000     738200.115  38200.115
   395 2521050 1492982.761 -1028067.239
   396 265000     658505.276 393505.276
   397 1127000 919882.667 -207117.333
   398 390000     324858.783 -65141.217
   399 481000     445819.55  -35180.45 
   400 562000     535083.032 -26916.968
   401 200000     149489.942 -50510.058
   402 215000     171483.066 -43516.934
   403 1224975.5 1483301.02 258325.52 
   404 1400000 1118596.613 -281403.387
   405 558600     558990.242    390.242
   406 661500     685342.16   23842.16 
   407 612475.5   638116.368  25640.868
   408 200000      94788.719 -105211.281
   409 399000     435798.817  36798.817
   410 318500     397261.839  78761.839
   411 900000     1185132.97 285132.97 
   412 195000     224298.101  29298.101
   413 420000     593314.824 173314.824
   414 1832036.5 1706310.881 -125725.619
   415 472850     402960.204 -69889.796
   416 1494500 1526790.148  32290.148
   417 830550     758893.511 -71656.489
   418 232750     270002      37252    
   419 203350     323403.777 120053.777
   420 435000     499735.863  64735.863
   421 375000     233187.116 -141812.884
   422 260000     131995.54  -128004.46
   423 361375     407757.936  46382.936
   424 330000     385483.983  55483.983
   425 828100     883515.302  55415.302
   426 700000     756965.339  56965.339
   427 1555015 1502960.728 -52054.272
   428 416255     583794.752 167539.752
   429 531650     533060.114   1410.114
   430 561050     768776.056 207726.056
   431 1102500 872243.3   -230256.7
   432 392000     439722.359  47722.359
   433 144000     -94495.444 -238495.444
   434 345000     254376.393 -90623.607
   435 994700     898253.111 -96446.889
   436 735000     722729.297 -12270.703
   437 465500     547145.067  81645.067
   438 416500     627230.972 210730.972
   439 2425500 1632070.292 -793429.708
   440 370000     561316.281 191316.281
   441 610000     745601.929 135601.929
   442 2742638 1492982.761 -1249655.239
   443 1457750 1306699.739 -151050.261
   444 4000000 2102346.577 -1897653.423
   445 390000     415244.358  25244.358
   446 546350     814220.224 267870.224
   447 575750     650113.027  74363.027
   448 330000     349336.256  19336.256
   449 470000     420031.168 -49968.832
   450 1150000 1315868.956 165868.956
   451 369950     423237.631  53287.631
   452 840000     464366.054 -375633.946
   453 2156000 1617705.882 -538294.118
   454 176400     408619.595 232219.595
   455 830550     846922.684  16372.684
   456 1891400 1637957.217 -253442.783
   457 286650     327078.396  40428.396
   458 850000     827092.047 -22907.953
   459 565000     718588.16  153588.16 
   460 238000     364917.385 126917.385
   461 313600     336329.382  22729.382
   462 356597.5   139363.233 -217234.267
   463 112500     -117793.554 -230293.554
   464 100000     212108.363 112108.363
   465 295000     138900.989 -156099.011
   466 502250     607199.367 104949.367
   467 355000     548754.455 193754.455
   468 355000     303737.524 -51262.476
   469 260000     160713.164 -99286.836
   470 395000     246859.379 -148140.621
   471 561050     777139.083 216089.083
   472 649000     664037.849  15037.849
   473 918750     919029.092    279.092
   474 239000       7903.16  -231096.84
   475 1985000 1317950.674 -667049.326
   476 525000     791470.277 266470.277
   477 997500     926178.129 -71321.871
   478 673750     969883.662 296133.662
   479 607000     633038.088  26038.088
   480 1190000 1098230.222 -91769.778
   481 2600000 1716238.862 -883761.138
   482 2327500 1699445.133 -628054.867
   483 975100     900652.018 -74447.982
   484 183750     300727.862 116977.862
   485 1408750 1300570.133 -108179.867
   486 1957550 1378749.853 -578800.147
   487 950600     1025815.082  75215.082
   488 1396500 1540114.974 143614.974
   489 785000     804306.689  19306.689
   490 563500     819114.267 255614.267
   491 620000     854005.972 234005.972
   492 200000     180185.884 -19814.116
   493 972000     818003.677 -153996.323
   494 325850     312969.034 -12880.966
   495 624750     361309.181 -263440.819
   496 170000     107909.676 -62090.324
   497 2582300 1357334.392 -1224965.608
   498 188650     247109.337  58459.337
   499 116000     -84175.172 -200175.172
   500 522500     614989.443  92489.443
     1 375000     281952.264 -93047.736
     2 188650     -337608.74 -526258.74
     3 495000     733425.034 238425.034
     4 1400000 948631.96  -451368.04
     5 380000     440268.901  60268.901
     6 294000     760604.603 466604.603
     7 1313200 1788335.911 475135.911
     8 2219700 1678430.42 -541269.58
     9 130000      14677.857 -115322.143
    10 145775      95712.525 -50062.475
    11 340000     449232.192 109232.192
    12 598000     681677.187  83677.187
    13 1188250 1145698.062 -42551.938
    14 1467550 1277164.827 -190385.173
    15 649250     920406.409 271156.409
    16 180000     313631.545 133631.545
    17 535000     663542.064 128542.064
    18 500000     657601.293 157601.293
    19 120000     517881.153 397881.153
    20 375000     467301.424  92301.424
    21 1776250 1747798.607 -28451.393
    22 502250     447877.539 -54372.461
    23 125000     294564.297 169564.297
    24 979975.5   1287625.242 307649.742
    25 404250     903706.307 499456.307
    26 379750     470797.35   91047.35 
    27 855050     951631.216  96581.216
    28 325000     296934.351 -28065.649
    29 500000     575399.132  75399.132
    30 1090250 1032851.503 -57398.497
    31 235000     246515.889  11515.889
    32 977550     1007963.079  30413.079
    33 257250     704166.959 446916.959
    34 882000     1132271.85 250271.85 
    35 551250     800224.23  248974.23 
    36 545000     582778.224  37778.224
    37 510000     628538.921 118538.921
    38 325000     262612.756 -62387.244
    39 382200     218669.15  -163530.85
    40 360150     535903.771 175753.771
    41 343000     322637.79  -20362.21 
    42 411600     198820.358 -212779.642
    43 262000     488502.797 226502.797
    44 416500     544419.053 127919.053
    45 291550     192097.028 -99452.972
    46 1715000 1630679.816 -84320.184
    47 1445500 1823938.184 378438.184
    48 1604750 1738763.287 134013.287
    49 295000     143757.989 -151242.011
    50 1050000 998946.443 -51053.557
    51 1170000 969391.122 -200608.878
    52 264600     753292.975 488692.975
    53 282000     244666.676 -37333.324
    54 125000     -440333.079 -565333.079
    55 135777      78418.022 -57358.978
    56 500000     684280.174 184280.174
    57 150000     165040.068  15040.068
    58 395000     1042336.058 647336.058
    59 389550     471269.742  81719.742
    60 295000     173612.029 -121387.971
    61 490000     378464.15  -111535.85
    62 1506750 1662545.052 155795.052
    63 857500     886705.451  29205.451
    64 544040     740943.964 196903.964
    65 634550     723312.969  88762.969
    66 1445500 1422668.206 -22831.794
    67 730000     848411.659 118411.659
    68 222950      79263.087 -143686.913
    69 442000     350221.301 -91778.699
    70 960000     1022543.412  62543.412
    71 602700     861132.511 258432.511
    72 732550     751725.402  19175.402
    73 185500      95712.525 -89787.475
    74 543000     564758.621  21758.621
    75 925000     1723552.961 798552.961
    76 784000     809643.22   25643.22 
    77 857500     1169615.493 312115.493
    78 855050     1023634.207 168584.207
    79 500000     757716.976 257716.976
    80 585550     425813.948 -159736.052
    81 918750     1122823.998 204073.998
    82 400000      82693.25  -317306.75
    83 808500     1129324.34 320824.34 
    84 230000      65182.924 -164817.076
    85 320000     131460.522 -188539.478
    86 600225.5   782344.277 182118.777
    87 140000     -80351.689 -220351.689
    88 355250     377553.801  22303.801
    89 512050     795605.126 283555.126
    90 340000     221703.495 -118296.505
    91 183750      59273.921 -124476.079
    92 375000     311162.477 -63837.523
    93 145000     -25857.101 -170857.101
    94 192000     193110.71    1110.71 
    95 470400     467481.254  -2918.746
    96 198000     418700.209 220700.209
    97 160400     629962.53  469562.53 
    98 290000     239134.027 -50865.973
    99 180000      54547.421 -125452.579
   100 485000     288257.673 -196742.327
   101 489000     496663.629   7663.629
   102 270000     173301.751 -96698.249
   103 462315     330561.756 -131753.244
   104 250000      87639.729 -162360.271
   105 404250     553053.861 148803.861
   106 300000     -63093.331 -363093.331
   107 720300     1123151.908 402851.908
   108 259700     143429.496 -116270.504
   109 200000     379857.045 179857.045
   110 343000     845174.787 502174.787
   111 280000     414566.72  134566.72 
   112 175000     307337.164 132337.164
   113 455700     289574.748 -166125.252
   114 382000     347413.486 -34586.514
   115 400000     333964.224 -66035.776
   116 1837500 1503152.014 -334347.986
   117 399000     710863.932 311863.932
   118 1050000 1032878.161 -17121.839
   119 1883560 2311627.544 428067.544
   120 450000     563813.233 113813.233
   121 408170     551220.425 143050.425
   122 105350      36521.863 -68828.137
   123 1500000 1390897.01 -109102.99
   124 385000     342813.492 -42186.508
   125 1280000 1564269.423 284269.423
   126 330000     126143.938 -203856.062
   127 210000      -7503.722 -217503.722
   128 465500     632539.653 167039.653
   129 430000     593700.336 163700.336
   130 597800     763420.095 165620.095
   131 525000     642303.331 117303.331
   132 315000     460032.626 145032.626
   133 583100     499487.701 -83612.299
   134 1000000 940843.835 -59156.165
   135 650000     629806.71  -20193.29 
   136 515000     689916.557 174916.557
   137 375000     441820.423  66820.423
   138 820750     600213.702 -220536.298
   139 420000     258038.774 -161961.226
   140 661500     591476.257 -70023.743
   141 482990     609909.538 126919.538
   142 295000     332475.637  37475.637
   143 230000     280423.298  50423.298
   144 140875     149822.657   8947.657
   145 425000     421791.684  -3208.316
   146 165000     214942.401  49942.401
   147 278250     591029.332 312779.332
   148 3100000 2029584.196 -1070415.804
   149 155000     -18981.974 -173981.974
   150 790000     781779.1    -8220.9  
   151 967750     1125977.841 158227.841
   152 928550     1090699.091 162149.091
   153 1011850 994367.695 -17482.305
   154 105000     182485.72   77485.72 
   155 732550     476675.086 -255874.914
   156 2682750 1691341.125 -991408.875
   157 450000     393947.769 -56052.231
   158 1715000 1432852.784 -282147.216
   159 300000     529870.792 229870.792
   160 280000      61773.889 -218226.111
   161 730100     401801.12  -328298.88
   162 175000     -487370.857 -662370.857
   163 495000     740926.08  245926.08 
   164 1269100 847885.602 -421214.398
   165 105350     -39199.237 -144549.237
   166 561999     525853.294 -36145.706
   167 441000     197508.636 -243491.364
   168 820750     728178.059 -92571.941
   169 285000     222339.365 -62660.635
   170 1222550 949414.583 -273135.417
   171 125000     468922.33  343922.33 
   172 345000      25937.394 -319062.606
   173 245000     224594.876 -20405.124
   174 619000     503751.179 -115248.821
   175 220000     231628.409  11628.409
   176 415275     411193.113  -4081.887
   177 918750     1193686.704 274936.704
   178 1104950 1483740.023 378790.023
   179 2400000 1832192.643 -567807.357
   180 1124550 1450938.073 326388.073
   181 390000     864697.212 474697.212
   182 675000     468498.971 -206501.029
   183 415000     438158.295  23158.295
   184 300000     142432.709 -157567.291
   185 150000      17886.78  -132113.22
   186 1617000 1837964.806 220964.806
   187 170000     309733.774 139733.774
   188 551250     683756.722 132506.722
   189 1291150 1320165.721  29015.721
   190 210000     167220.319 -42779.681
   191 436100     402270.428 -33829.572
   192 686000     775377.445  89377.445
   193 160000     268650.036 108650.036
   194 250000     255275.145   5275.145
   195 250000     -12092.114 -262092.114
   196 580000     347510.148 -232489.852
   197 1375000 1994917.53 619917.53 
   198 345000     307218.604 -37781.396
   199 100000     -204389.019 -304389.019
   200 355250     114145.025 -241104.975
   201 999990     1391277.144 391287.144
   202 588000     817807.316 229807.316
   203 520000     447745.74  -72254.26 
   204 155000     519889.426 364889.426
   205 477750     319127.367 -158622.633
   206 369950     348272.535 -21677.465
   207 100000     -26206.29  -126206.29
   208 882000     763063.556 -118936.444
   209 200000     205614.477   5614.477
   210 385875     429636.73   43761.73 
   211 215000      16996.144 -198003.856
   212 398999     398034.058   -964.942
   213 166600     213366.912  46766.912
   214 450800     359396.012 -91403.988
   215 250000     180991.228 -69008.772
   216 632576     763878.588 131302.588
   217 385000     631418.507 246418.507
   218 580000     577069.34   -2930.66 
   219 299000     132037.035 -166962.965
   220 170000     234347.524  64347.524
   221 385000     254852.775 -130147.225
   222 612500     759322.909 146822.909
   223 2600000 1444158.618 -1155841.382
   224 160000     310364.746 150364.746
   225 2251550 1678430.42 -573119.58
   226 1620000 1499343.174 -120656.826
   227 414050     385415.758 -28634.242
   228 300000     1082439.792 782439.792
   229 200000     -49832.232 -249832.232
   230 357700     451086.032  93386.032
   231 290000     413893.065 123893.065
   232 864850     1116799.821 251949.821
   233 3209328.5 2281011.817 -928316.683
   234 365000     349563.609 -15436.391
   235 190000     461061.577 271061.577
   236 750000     687119.304 -62880.696
   237 350000     351209.512   1209.512
   238 305000     602737.053 297737.053
   239 850000     980363.07  130363.07 
   240 635775     840355.301 204580.301
   241 210000     -164054.611 -374054.611
   242 720000     687739.005 -32260.995
   243 977000     921981.206 -55018.794
   244 440000     451533.809  11533.809
   245 232750      75714.62  -157035.38
   246 250000     539625.723 289625.723
   247 310000     141225.084 -168774.916
   248 240100      -5692.304 -245792.304
   249 250000     102620.222 -147379.778
   250 500000     517225.52   17225.52 
   251 320950     178037.627 -142912.373
   252 286650      50256.343 -236393.657
   253 489975.5   598166.465 108190.965
   254 370000     205024.049 -164975.951
   255 1235000 1289892.586  54892.586
   256 361375     101223.282 -260151.718
   257 165375     352985.455 187610.455
   258 551250     576469.282  25219.282
   259 1274000 898213.867 -375786.133
   260 429500     501995.887  72495.887
   261 659700     876834.476 217134.476
   262 165000     -95077.86  -260077.86
   263 550000     559462.798   9462.798
   264 695000     700429.417   5429.417
   265 170000     440294.593 270294.593
   266 1176000 1740449.721 564449.721
   267 1030000 1133844.571 103844.571
   268 590000     735453.359 145453.359
   269 920000     662230.43  -257769.57
   270 240000     -106426.281 -346426.281
   271 428750     820133.655 391383.655
   272 842800     774819.719 -67980.281
   273 671300     612348.57  -58951.43 
   274 520000     1002902.199 482902.199
   275 906500     1323545.964 417045.964
   276 325000     350952.609  25952.609
   277 240000     394434.322 154434.322
   278 105000     -137772.638 -242772.638
   279 906500     1130329.484 223829.484
   280 130000     482924.449 352924.449
   281 191900     217251.198  25351.198
   282 453250     563077.237 109827.237
   283 350000     429505.684  79505.684
   284 165000     167173.081   2173.081
   285 340000     -95884.621 -435884.621
   286 269500      17739.623 -251760.377
   287 290000     202438.26  -87561.74 
   288 361000     446401.318  85401.318
   289 1400000 1385056.429 -14943.571
   290 700000     925724.632 225724.632
   291 330000      35902.501 -294097.499
   292 118825     405634.649 286809.649
   293 1030000 1090366.126  60366.126
   294 320000     236734.841 -83265.159
   295 414050     461492.444  47442.444
   296 166600     -233422.285 -400022.285
   297 705600     514485.21  -191114.79
   298 360150     296032.38  -64117.62 
   299 825674.5   922778.321  97103.821
   300 571658.5   417761.729 -153896.771
   301 663000     1094537.218 431537.218
   302 379750     229985.774 -149764.226
   303 299000     100645.673 -198354.327
   304 894250     1188947.055 294697.055
   305 367500     152981.587 -214518.413
   306 1661100 1616766.392 -44333.608
   307 426300     408026.826 -18273.174
   308 455000     377661.423 -77338.577
   309 127000     294228.376 167228.376
   310 310000     115355.315 -194644.685
   311 330000     322361.61   -7638.39 
   312 310000     260548.412 -49451.588
   313 565000     676765.531 111765.531
   314 681100     859273.494 178173.494
   315 360000       4457.754 -355542.246
   316 210000     379518.035 169518.035
   317 110000     479538.354 369538.354
   318 1173550 939313.588 -234236.412
   319 280000      81860.109 -198139.891
   320 550000     511957.323 -38042.677
   321 490000     456385.884 -33614.116
   322 1065750 1694635.422 628885.422
   323 130000      10383.381 -119616.619
   324 144550     -80517.706 -225067.706
   325 173800     323793.014 149993.014
   326 269475.5   210821.839 -58653.661
   327 319000      66821.228 -252178.772
   328 350000     346692.109  -3307.891
   329 1029000 922578.867 -106421.133
   330 1183350 1254257.908  70907.908
   331 550000     810631.101 260631.101
   332 845250     1081513.259 236263.259
   333 534100     506557.032 -27542.968
   334 132300     -22004.578 -154304.578
   335 300000     513134.376 213134.376
   336 1274000 1029828.751 -244171.249
   337 975100     1008065.014  32965.014
   338 300000     126593.187 -173406.813
   339 540000     415875.893 -124124.107
   340 352000     749104.203 397104.203
   341 820000     948318.637 128318.637
   342 387100     379869.442  -7230.558
   343 380000     240961.767 -139038.233
   344 350000     471755.165 121755.165
   345 645000     633275.441 -11724.559
   346 390000     336929.124 -53070.876
   347 1639050 1836231.896 197181.896
   348 1333000 1269810.321 -63189.679
   349 250000     405886.334 155886.334
   350 370000     488391.328 118391.328
   351 303800     322281.005  18481.005
   352 215000      84484.969 -130515.031
   353 872200     1733085.573 860885.573
   354 220475.5   143502.555 -76972.945
   355 110000     -132554.527 -242554.527
   356 450000     798382.751 348382.751
   357 362600     705006.094 342406.094
   358 550000     530561.829 -19438.171
   359 250000     171523.288 -78476.712
   360 521700     690495.442 168795.442
   361 1516550 2106524.397 589974.397
   362 225000     212534.701 -12465.299
   363 664000     859201.199 195201.199
   364 330000     -162560.44 -492560.44
   365 1470000 1087619.209 -382380.791
   366 1425000 1473258.272  48258.272
   367 705000     763872.627  58872.627
   368 477750     298492.856 -179257.144
   369 392000     333936.259 -58063.741
   370 1422202 1407035.086 -15166.914
   371 210000       9565.637 -200434.363
   372 630000     667080.776  37080.776
   373 110000     222771.888 112771.888
   374 551250     769420.905 218170.905
   375 345000     152981.587 -192018.413
   376 3797500 1805747.42 -1991752.58
   377 539000     274963.687 -264036.313
   378 318500     211992.024 -106507.976
   379 463050     499923.768  36873.768
   380 551250     627741.88   76491.88 
   381 428750     463661.324  34911.324
   382 375000     398380.993  23380.993
   383 1038775.5 799341.723 -239433.777
   384 757050     1379630.187 622580.187
   385 421400      32566.326 -388833.674
   386 520000     958061.774 438061.774
   387 515000     849122.341 334122.341
   388 205000      28312.542 -176687.458
   389 378525     503699.405 125174.405
   390 819000     1178194.576 359194.576
   391 175000     -154981.795 -329981.795
   392 200000     267001.48   67001.48 
   393 428750     584934.803 156184.803
   394 1947750 2342266.391 394516.391
   395 330750     199658.461 -131091.539
   396 245000     588252.623 343252.623
   397 198000     300012.954 102012.954
   398 126175     -77970.941 -204145.941
   399 260000     149021.563 -110978.437
   400 575750     763878.588 188128.588
   401 870000     1990831.74 1120831.74
   402 342975.5    45913.517 -297061.983
   403 748000     1048030.666 300030.666
   404 275625      25234.844 -250390.156
   405 160000     326990.276 166990.276
   406 410000     498512.352  88512.352
   407 196000     301455.097 105455.097
   408 120000     -173655.333 -293655.333
   409 120000     338480.12  218480.12 
   410 515000     685489.175 170489.175
   411 404250     326468.875 -77781.125
   412 1690500 1211533.252 -478966.748
   413 610025.5   732509.164 122483.664
   414 1080000 1625280.255 545280.255
   415 488775     616896.117 128121.117
   416 1004475.5 1083522.162  79046.662
   417 1445475.5 1789223.782 343748.282
   418 754600     877701.952 123101.952
   419 138425     -104648.215 -243073.215
   420 100700     294368.26  193668.26 
   421 145000     136525.994  -8474.006
   422 637000     778632.666 141632.666
   423 519000     705510.583 186510.583
   424 612500     804768.295 192268.295
   425 440000     473766.58   33766.58 
   426 1122100 1475115.746 353015.746
   427 415000     544704.033 129704.033
   428 430000     506015.854  76015.854
   429 637000     596941.266 -40058.734
   430 659050     949383.31  290333.31 
   431 342200     1003743.176 661543.176
   432 869750     1586718.417 716968.417
   433 305000     646172.408 341172.408
   434 250000     -150181.354 -400181.354
   435 220000     541365.308 321365.308
   436 320000     301916.233 -18083.767
   437 194900     434782.21  239882.21 
   438 310000     242354.909 -67645.091
   439 312500     179379.328 -133120.672
   440 539000     285083.04  -253916.96
   441 624750     596158.37  -28591.63 
   442 1005000 1302169.256 297169.256
   443 784000     1101590.038 317590.038
   444 585550     890270.417 304720.417
   445 1002050 873806.449 -128243.551
   446 607000     654825.439  47825.439
   447 1849000 1466971.194 -382028.806
   448 650000     708685.444  58685.444
   449 565000     490390.086 -74609.914
   450 931000     1122902.427 191902.427
   451 122500      34953.42  -87546.58 
   452 612500     666464.088  53964.088
   453 610000     810225.305 200225.305
   454 210000     381431.449 171431.449
   455 550000     649891.969  99891.969
   456 350000     103888.421 -246111.579
   457 1188250 943109.002 -245140.998
   458 943250     869799.711 -73450.289
   459 735000     824707.403  89707.403
   460 764400     840094.371  75694.371
   461 1048600 1266007.204 217407.204
   462 440632.5   479838.314  39205.814
   463 335000     744663.437 409663.437
   464 710000     810631.101 100631.101
   465 572650     638920.899  66270.899
   466 855050     962192.513 107142.513
   467 395000     335035.501 -59964.499
   468 360000     187429.17  -172570.83
   469 614950     632665.109  17715.109
   470 943250     817066.757 -126183.243
   471 260000     149654.611 -110345.389
   472 530000     814980.757 284980.757
   473 590000     566781.084 -23218.916
   474 536550     503357.209 -33192.791
   475 845250     658056.934 -187193.066
   476 113600     267553.428 153953.428
   477 855050     652104.027 -202945.973
   478 260000     168475.217 -91524.783
   479 120000     -277329.777 -397329.777
   480 430000     940923.907 510923.907
   481 378500     632235.166 253735.166
   482 135000     -95182.514 -230182.514
   483 1249500 1193805.383 -55694.617
   484 477750     226967.824 -250782.176
   485 1347500 1973969.01 626469.01 
   486 575000     702667.115 127667.115
   487 515000     748504.883 233504.883
   488 999999     2028699.96 1028700.96
   489 600250     220899.058 -379350.942
   490 400000     542993.856 142993.856
   491 151900     -105786.377 -257686.377
   492 578200     545819.719 -32380.281
   493 550000     557061.411   7061.411
   494 249000     186330.377 -62669.623
   495 150000        393.943 -149606.057
   496 722750     817703.357  94953.357
   497 250000     341526.955  91526.955
   498 367500     548868.517 181368.517
   499 1176000 978881.825 -197118.175
   500 869750     795224.996 -74525.004

=== Cross-validation ===
=== Summary ===

Correlation coefficient                  0.8363
Mean absolute error                 193203.6523
Root mean squared error             308007.526 
Relative absolute error                 48.9337 %
Root relative squared error             53.8466 %
Total Number of Instances             1000     

