0	0,170649	0	0,170649	5016	0,071045	5016	0,071045	10001	0,067385	10001	0,074821	15001	0,065914	15001	0,071729	20001	0,065560	20001	0,065591	25001	0,065475	25001	0,065541	30002	0,065490	30002	0,065439	35002	0,065473	35002	0,065489	40002	0,065472	40018	0,065472	45003	0,065471	45003	0,065474	50003	0,065470	50003	0,065470	
47	0,157403	47	0,157402	5157	0,071001	5172	0,070954	10063	0,067330	10110	0,071954	15235	0,066001	15110	0,069729	20048	0,065595	20048	0,065573	25064	0,065479	25095	0,065547	30127	0,065474	30080	0,065488	35065	0,065463	35065	0,065473	40127	0,065471	40159	0,065471	45081	0,065479	45081	0,065479	50065	0,065471	50065	0,065471	
94	0,144585	94	0,144586	5235	0,070807	5282	0,070819	10126	0,067297	10172	0,071072	15282	0,066028	15204	0,067179	20111	0,065586	20111	0,065602	25158	0,065483	25220	0,065529	30221	0,065473	30158	0,065474	35127	0,065472	35127	0,065472					45159	0,065471	45175	0,065471					
156	0,132772	156	0,132756	5344	0,070716	5407	0,070727	10172	0,067310	10282	0,070421	15345	0,065933	15282	0,067180	20157	0,065591	20157	0,065616	25251	0,065476	25345	0,065521			30221	0,065473	35190	0,065472							45221	0,065470	45253	0,065470					
203	0,115511	203	0,119901	5469	0,070606	5516	0,070618	10235	0,067300	10391	0,069988	15392	0,066363			20220	0,065544	20220	0,065564	25345	0,065474	25408	0,065508																					
250	0,104757	234	0,107754	5578	0,070499	5625	0,070468	10282	0,067194	10501	0,069882	15454	0,065857			20282	0,065517	20267	0,065551			25470	0,065504																					
297	0,098807	281	0,100118	5688	0,070401	5735	0,070372	10344	0,067186	10579	0,069736	15501	0,065841			20345	0,065513	20314	0,065527			25533	0,065502																					
359	0,097434	328	0,097492	5813	0,070343	5860	0,070302	10391	0,067094	10626	0,069609	15563	0,065846			20407	0,065501	20376	0,065523																									
406	0,096961	375	0,097014	5922	0,070284	5969	0,070205	10454	0,067035	10688	0,069603	15626	0,065816			20454	0,065484	20423	0,065522																									
453	0,096450	422	0,096534	6032	0,070355	6078	0,070096	10516	0,067045	10751	0,069544	15673	0,065829			20501	0,065478																											
500	0,095931	469	0,096050	6125	0,070170	6188	0,070014	10563	0,066930	10813	0,069437	15720	0,066005			20564	0,065475																											
563	0,095459	516	0,095516	6219	0,070065	6297	0,069943	10626	0,066899	10860	0,069307	15782	0,065779																															
609	0,094999	563	0,095017	6313	0,070069	6407	0,069811	10688	0,066867	10923	0,069197	15829	0,065791																															
656	0,094533	609	0,094605			6485	0,069737	10735	0,066826	10985	0,069099	15892	0,065774																															
703	0,094065	656	0,094229			6594	0,069636	10798	0,066800	11032	0,069003	15938	0,065737																															
750	0,093633	703	0,093856			6704	0,069610	10844	0,066800	11094	0,068915	16001	0,065714																															
797	0,093144	750	0,093296			6829	0,069513			11141	0,068834	16048	0,065696																															
844	0,092687	797	0,092973			6922	0,069508			11204	0,068758	16095	0,065683																															
891	0,092288	844	0,092622			6985	0,069385			11251	0,068686	16157	0,065661																															
953	0,091800	891	0,092263			7079	0,069328			11313	0,068618	16204	0,065644																															
1000	0,091412	938	0,091762			7172	0,069340			11360	0,068555	16267	0,065635																															
1047	0,090950	984	0,091287			7266	0,069251			11407	0,068475	16313	0,065629																															
1109	0,090536	1031	0,090877			7360	0,069209			11469	0,068411	16376	0,065614																															
1156	0,090146	1078	0,090458			7454	0,069187			11516	0,068354	16423	0,065585																															
1203	0,089741	1125	0,090044			7532	0,069084			11563	0,068298	16485	0,065568																															
1266	0,089335	1188	0,089620			7641	0,068985			11626	0,068246	16532	0,065563																															
1313	0,088957	1234	0,089233			7782	0,069015			11673	0,068195	16595	0,065560																															
1359	0,088567	1281	0,088807			7844	0,068918			11735	0,068119																																	
1422	0,088230	1328	0,088432			7922	0,068928			11782	0,068067																																	
1484	0,087869	1375	0,088070			8000	0,068822			11829	0,068019																																	
1531	0,087637	1438	0,087730			8110	0,068725			11891	0,067972																																	
1578	0,087259	1469	0,087415			8188	0,068657			11938	0,067927																																	
1625	0,086861	1516	0,087126			8313	0,068636			11985	0,067861																																	
1688	0,086454	1578	0,086744			8422	0,068630			12048	0,067813																																	
1734	0,086059	1625	0,086399			8485	0,068547			12110	0,067772																																	
1781	0,085680	1672	0,086010			8579	0,068604			12157	0,067732																																	
1828	0,085270	1719	0,085604			8657	0,068529			12219	0,067695																																	
1875	0,084820	1766	0,085204			8719	0,068470			12266	0,067658																																	
1922	0,084388	1813	0,084773			8782	0,068409			12329	0,067599																																	
1985	0,083986	1860	0,084331			8829	0,068352			12376	0,067559																																	
2031	0,083586	1906	0,083901			8876	0,068299			12438	0,067523																																	
2094	0,083209	1953	0,083530			8938	0,068247			12501	0,067489																																	
2141	0,082839	2000	0,083223			8985	0,068195			12548	0,067455																																	
2188	0,082447	2047	0,082880			9047	0,068127			12594	0,067423																																	
2235	0,082044	2094	0,082428			9094	0,068069			12657	0,067368																																	
2297	0,081748	2141	0,082058			9141	0,068020			12704	0,067333																																	
2360	0,081380	2188	0,081795			9204	0,067975			12766	0,067302																																	
2406	0,080986	2250	0,081470			9251	0,067932			12813	0,067261																																	
2469	0,080688	2297	0,081263			9313	0,067891			12876	0,067212																																	
2516	0,080314	2344	0,080983			9360	0,067832			12923	0,067147																																	
2594	0,079922	2391	0,080657			9407	0,067784			12985	0,067095																																	
2656	0,079628	2453	0,080329			9469	0,067743			13032	0,067047																																	
2719	0,079342	2500	0,079923			9516	0,067699			13095	0,066995																																	
2766	0,079075	2547	0,079627			9579	0,067661			13141	0,066950																																	
2813	0,078784	2719	0,079258			9626	0,067625			13204	0,066900																																	
2875	0,078591	2766	0,078929			9672	0,067565			13251	0,066850																																	
2922	0,078203	2813	0,078603			9735	0,067526			13313	0,066800																																	
2985	0,077865	2860	0,078358			9782	0,067491			13360	0,066753																																	
3031	0,077529	2906	0,078028			9844	0,067457			13423	0,066703																																	
3078	0,077205	2969	0,077614			9891	0,067424			13470	0,066659																																	
3141	0,076905	3000	0,077327			9954	0,067392			13532	0,066614																																	
3188	0,076606	3047	0,076987			10063	0,067335			13579	0,066571																																	
3235	0,076281	3094	0,076661			10157	0,067933			13641	0,066535																																	
3281	0,076033	3141	0,076356			10251	0,067352			13688	0,066491																																	
3328	0,075726	3188	0,076047			10344	0,067298			13751	0,066459																																	
3375	0,075445	3235	0,075754			10454	0,067229			13798	0,066419																																	
3438	0,075205	3281	0,075449			10563	0,067232			13860	0,066390																																	
3485	0,075000	3328	0,075230							13907	0,066360																																	
3547	0,074832	3391	0,074853							13970	0,066332																																	
3594	0,074587	3438	0,074732							14016	0,066299																																	
3656	0,074364	3485	0,074576							14079	0,066272																																	
3719	0,074238	3547	0,074430							14126	0,066245																																	
3766	0,074078	3594	0,074272							14188	0,066222																																	
3828	0,073919	3641	0,074112							14235	0,066197																																	
3875	0,073808	3703	0,073971							14298	0,066172																																	
3938	0,073706	3750	0,073883							14345	0,066150																																	
3985	0,073611	3797	0,073785							14407	0,066127																																	
4047	0,073558	3860	0,073693							14454	0,066104																																	
4110	0,073493	3906	0,073594							14516	0,066083																																	
4157	0,073417	3953	0,073494							14579	0,066063																																	
4219	0,073285	4016	0,073409							14626	0,066042																																	
4266	0,073104	4063	0,073356							14673	0,066021																																	
4313	0,072906	4110	0,073273							14735	0,065998																																	
4375	0,072732	4172	0,073105							14782	0,065979																																	
4422	0,072599	4219	0,073002							14845	0,065956																																	
4485	0,072411	4266	0,072861							14892	0,065939																																	
4532	0,072244	4328	0,073093							14954	0,065916																																	
4594	0,072098	4375	0,072626							15063	0,065942																																	
4641	0,071975	4422	0,072399							15173	0,066523																																	
4688	0,071850	4485	0,072335							15267	0,066203																																	
4750	0,071692	4532	0,072162							15329	0,065995																																	
4797	0,071707	4594	0,071980							15392	0,065888																																	
4860	0,071547	4641	0,071868							15438	0,065833																																	
4907	0,071678	4688	0,071728							15501	0,065825																																	
4969	0,071405	4750	0,071593							15563	0,065792																																	
5125	0,071466	4797	0,071464							15610	0,065773																																	
5235	0,071241	4844	0,071314							15673	0,065756																																	
5344	0,071056	4907	0,071212							15720	0,065739																																	
5469	0,070938	4953	0,071096							15782	0,065752																																	
5578	0,070811	5063	0,070969							15845	0,065714																																	
