price	A1	A2	A3	B1	B2	B3	B4	B5	C1	C2	C3	C4	C5	D1	D2	D3	D4	E1	E2	E3	E4	F1	F2	F3	GB	GM	GS
0,76	0,424202	0,474138	0,536822	0,441747	0,515609	0,462651	0,484074	0,486216	0,543723	0,634841	0,527085	0,470412	0,538735	0,445076	0,662744	0,410652	0,507202	0,500987	0,295796	0,591199	0,621171	0,49456	0,513173	0,496435	1	0	0
0,76	0,449441	0,487791	0,503595	0,418576	0,443611	0,466443	0,460242	0,463018	0,355653	0,583629	0,553975	0,465664	0,530236	0,401557	0,567274	0,501493	0,428812	0,479231	0,300944	0,41699	0,545656	0,49456	0,513173	0,496435	1	0	0
0,76	0,461325	0,439828	0,523986	0,366779	0,27076	0,510695	0,518564	0,513727	0,276138	0,287657	0,353193	0,441524	0,490427	0,771532	0,463655	0,445067	0,613794	0,535226	0,302133	0,462654	0,394028	0,49456	0,513173	0,496435	1	0	0
0,72	0,493729	0,526863	0,381315	0,41474	0,453598	0,445802	0,443587	0,44909	0,577475	0,624274	0,562793	0,440961	0,506621	0,366359	0,556767	0,421303	0,430662	0,402165	0,325197	0,502131	0,466925	0,49456	0,513173	0,496435	0	1	0
0,72	0,548255	0,551433	0,467123	0,584025	0,639233	0,470098	0,46055	0,460521	0,52529	0,47622	0,497945	0,613456	0,620704	0,59183	0,412201	0,456568	0,427579	0,457728	0,308865	0,444933	0,463133	0,49456	0,513173	0,496435	0	1	0
0,72	0,31596	0,356967	0,420329	0,412743	0,4547	0,444871	0,453442	0,44909	0,557744	0,602382	0,596207	0,445495	0,524299	0,347965	0,522986	0,428967	0,535851	0,465128	0,310328	0,532198	0,580392	0,49456	0,513173	0,496435	1	0	0
0,72	0,418341	0,343413	0,432572	0,433389	0,402234	0,45224	0,458572	0,458905	0,418199	0,365186	0,402023	0,546402	0,557911	0,737478	0,467479	0,451714	0,764005	0,520022	0,275081	0,580355	0,44406	0,572656	0,530164	0,593696	1	0	0
0,72	0,278702	0,28507	0,251239	0,479105	0,556728	0,435537	0,436692	0,437549	0,46692	0,450639	0,465511	0,47548	0,501884	0,500074	0,531163	0,473445	0,571366	0,516041	0,9	0,335826	0,506517	0,56761	0,530164	0,325486	1	0	0
0,8	0,448205	0,498912	0,51848	0,322923	0,2204	0,503968	0,520194	0,509055	0,656781	0,487506	0,480814	0,404566	0,471157	0,43434	0,634004	0,523595	0,443196	0,511736	0,406448	0,502792	0,516011	0,49456	0,513173	0,496435	0	1	0
0,8	0,494683	0,414784	0,331806	0,285251	0,15281	0,723878	0,747142	0,740367	0,447271	0,386273	0,422095	0,49676	0,586915	0,72672	0,416003	0,454131	0,508681	0,4897	0,296138	0,430724	0,423815	0,49456	0,513173	0,496435	1	0	0
0,8	0,511938	0,505452	0,462784	0,503084	0,581578	0,442737	0,447965	0,4472	0,496089	0,436584	0,437969	0,491203	0,514743	0,573265	0,42056	0,483021	0,440765	0,482074	0,314103	0,430504	0,431943	0,49456	0,513173	0,496435	1	0	0
0,84	0,425634	0,343413	0,398775	0,451113	0,470175	0,461582	0,469814	0,469392	0,40958	0,385119	0,410905	0,502919	0,536369	0,673502	0,43797	0,456074	0,629664	0,492143	0,311392	0,482261	0,416956	0,49456	0,513173	0,496435	1	0	0
0,88	0,490837	0,497568	0,359928	0,431098	0,37083	0,49031	0,495487	0,497638	0,357595	0,362353	0,3967	0,56482	0,581354	0,797028	0,490243	0,431698	0,468265	0,493377	0,288235	0,533561	0,400139	0,49456	0,513173	0,496435	1	0	0
0,4	0,505764	0,507988	0,43821	0,545203	0,579103	0,381742	0,381137	0,382255	0,481056	0,568874	0,446784	0,397918	0,331395	0,309072	0,442718	0,421713	0,454534	0,496783	0,247359	0	0,449761	0,49456	0,513173	0,496435	0	0	1
0,4	0,521253	0,472535	0,500397	0,4888	0,580817	0,395053	0,396656	0,401513	0,736287	0,500892	0,440493	0,404085	0,421421	0,43434	0,287986	0,449156	0,401579	0,413303	0,273319	0	0,360849	0,49456	0,513173	0,496435	0	0	1
0,4	0,367218	0,365105	0,420329	0,612867	0,762978	0,370875	0,385182	0,378032	0,803676	0,457286	0,347036	0,34054	0,318426	0,44717	0,424867	0,527212	0,553643	0,447233	0,271071	0,423166	0,329859	0,49456	0,513173	0,496435	0	0	1
0,44	0,515378	0,497568	0,43821	0,548137	0,601533	0,385706	0,407509	0,391577	0,629316	0,462609	0,408476	0,448922	0,40623	0,46918	0,376253	0,46429	0,400342	0,524679	0,246013	0	0,598312	0,49456	0,513173	0,496435	0	0	1
0,44	0,586411	0,392637	0,413632	0,396649	0,377996	0,40688	0,44506	0,428074	0,621773	0,327397	0,266183	0,262993	0,290074	0,62506	0,366223	0,447347	0,577018	0,485478	0,236489	0	0,373737	0,49456	0,513173	0,496435	0	0	1
0,44	0,484911	0,538604	0,471308	0,720349	0,768629	0,388321	0,393932	0,393768	0,40162	0,429702	0,388203	0,556866	0,438123	0,566378	0,579678	0,490072	0,409746	0,449341	0,278533	0	0,355281	0,49456	0,513173	0,496435	0	0	1
0,44	0,562881	0,489229	0,563436	0,518107	0,580055	0,388743	0,415792	0,390674	0,485386	0,306076	0,339937	0,369071	0,375593	0,577329	0,40308	0,448017	0,587235	0,430412	0,259412	0	0,329859	0,49456	0,513173	0,496435	0	1	0
0,44	0,519593	0,478839	0	0,490188	0,527378	0,411502	0,420832	0,414798	0,226384	0,251729	0,305151	0,446313	0,443938	0,866863	0,489744	0,411583	0,504519	0,476789	0,308366	0,471955	0,274569	0,49456	0,513173	0,496435	0	1	0
0,44	0,463606	0,441875	0,471308	0,639294	0,766291	0,377423	0,395071	0,381713	0,268006	0,250703	0,25676	0,392648	0,335854	0,799348	0,559416	0,381071	0,608019	0,450174	0,277437	0	0,198746	0,49456	0,513173	0,496435	0	1	0
0,52	0,53093	0,526863	0,426626	0,545562	0,698047	0,397931	0,416664	0,387133	0,558369	0,467336	0,470538	0,429862	0,422109	0,388663	0,435701	0,452673	0,412291	0,554848	0,261644	0	0,605275	0,49456	0,513173	0,496435	0	0	1
0,52	0,451885	0,480371	0,580539	0,633446	0,834702	0,405544	0,418578	0,411548	0,596506	0,554782	0,473464	0,464374	0,426178	0,3913	0,623831	0,441214	0,645772	0,465931	0,278802	0,501405	0,456595	0,49456	0,513173	0,496435	0	0	1
0,52	0,436646	0,443891	0,536822	0,546014	0,691203	0,413732	0,3965	0,392903	0,634665	0,575409	0,571059	0,527584	0,519976	0,372151	0,632913	0,464098	0,597682	0,435138	0,315076	0,525301	0,433514	0,49456	0,513173	0,496435	0	0	1
0,52	0,504865	0,523499	0,497116	0,553893	0,555556	0,401311	0,421927	0,407433	0,371606	0,485709	0,434521	0,429761	0,376986	0,406521	0,521109	0,478992	0,44776	0,513404	0,317766	0	0,411579	0,49456	0,513173	0,496435	0	0	1
0,52	0,556739	0,48487	0,359928	0,371142	0,339329	0,417568	0,428786	0,42076	0,64919	0,380908	0,39456	0,360994	0,411825	0,506885	0,358937	0,475446	0,433993	0,402928	0,284047	0	0,398134	0,49456	0,513173	0,496435	0	0	1
0,52	0,449441	0,472535	0,526654	0,514915	0,396168	0,414623	0,402845	0,396685	0,370558	0,528923	0,530655	0,474037	0,39439	0,28825	0,57706	0,495494	0,495457	0,508492	0,267958	0,426527	0,506517	0,49456	0,513173	0,496435	0	0	1
0,52	0,551122	0,458981	0,458275	0,378031	0,322844	0,441829	0,452045	0,446069	0,546025	0,339508	0,387217	0,43167	0,482381	0,646743	0,378821	0,468636	0,489496	0,45034	0,283341	0,452603	0,349437	0,49456	0,513173	0,496435	0	0	1
0,52	0,52935	0,469271	0,569367	0,515084	0,621285	0,396871	0,412858	0,402246	0,508132	0,355489	0,35985	0,445495	0,424833	0,552157	0,380071	0,422094	0,644757	0,436639	0,336073	0,419637	0,310349	0,441175	0,422061	0,691593	0	0	1
0,52	0,589997	0,636684	0,740077	0,558723	0,74012	0,401148	0,407381	0,403325	0,54245	0,573651	0,516882	0,460691	0,462186	0,37499	0,516113	0,449192	0,481516	0,567885	0,302279	0	0,664398	0,49456	0,513173	0,496435	0	1	0
0,52	0,593524	0,406959	0,47535	0,522285	0,668938	0,391999	0,458624	0,415932	0,776123	0,481924	0,389181	0,396905	0,401994	0,501792	0,301735	0,487074	0,593551	0,448671	0,275728	0	0,398134	0,49456	0,513173	0,496435	0	1	0
0,52	0,550409	0,521214	0,585818	0,42916	0,393654	0,466044	0,470909	0,470212	0,604572	0,4496	0,458851	0,572243	0,593608	0,640031	0,373975	0,464774	0,481714	0,42298	0,291052	0,418353	0,387617	0,49456	0,513173	0,496435	0	1	0
0,52	0,484911	0,356967	0,398775	0,4358	0,455909	0,455326	0,458147	0,448231	0,46887	0,421436	0,45831	0,537096	0,601738	0,653337	0,421786	0,419522	0,623624	0,480013	0,295277	0,354111	0,422132	0,49456	0,513173	0,496435	0	1	0
0,52	0,645907	0,639553	0,531835	0,475462	0,570485	0,390194	0,399987	0,402246	0,413276	0,404143	0,35985	0,32058	0,338333	0,455385	0,450193	0,431416	0,39844	0,493143	0,271071	0,386759	0,389789	0,49456	0,513173	0,496435	0	1	0
0,52	0,471359	0,392637	0,313196	0,583695	0,77818	0,395971	0,396186	0,404904	0,316116	0,308893	0,319405	0,418093	0,40585	0,710051	0,418579	0,368683	0,504459	0,418906	0,308865	0,447042	0,268136	0,49456	0,513173	0,496435	0	1	0
0,52	0,495632	0,481887	0,585818	0,381868	0,325671	0,45337	0,458783	0,459815	0,421267	0,412449	0,428239	0,486879	0,536552	0,628569	0,427645	0,477763	0,656195	0,531226	0,292199	0	0,480091	0,49456	0,513173	0,496435	0	1	0
0,52	0,40591	0,439828	0,47535	0,560195	0,679648	0,414116	0,384398	0,380048	0,593751	0,577594	0,610514	0,566428	0,516772	0,327734	0,546227	0,445548	0,492619	0,520643	0,332827	0	0,548749	0,49456	0,513173	0,496435	0	1	0
0,52	0,53093	0,549526	0,626468	0,508797	0,465412	0,381254	0,364007	0,359189	0,445161	0,293525	0,348492	0,405525	0,374657	0,550701	0,565938	0,429478	0,444706	0,65617	0,267449	0,546921	0,415187	0,540847	0,572392	0,9	0	1	0
0,52	0,445705	0,429064	0,448689	0,463221	0,483762	0,448777	0,456473	0,455188	0,31482	0,30429	0,3504	0,492439	0,520769	0,84701	0,53312	0,432538	0,5851	0,476989	0,271401	0,390935	0,318589	0,557227	0,35625	0,432002	1	0	0
0,52	0,49277	0,522361	0,611189	0,498618	0,383867	0,461474	0,46585	0,462094	0,392136	0,350036	0,406828	0,661986	0,548802	0,707207	0,458041	0,497782	0,513788	0,652206	0,276876	0	0,571785	0,49456	0,513173	0,496435	1	0	0
0,52	0,44059	0,489229	0,503595	0,430176	0,416761	0,460439	0,47679	0,463201	0,609637	0,528923	0,502045	0,516362	0,562646	0,511892	0,584891	0,533575	0,459364	0,51756	0,278533	0	0,550277	0,49456	0,513173	0,496435	1	0	0
0,52	0,487898	0,379728	0,443573	0,35357	0,265637	0,435022	0,452104	0,438767	0,44166	0,30749	0,350871	0,383572	0,403548	0,602005	0,385358	0,449899	0,578878	0,487881	0,334151	0	0,336772	0,49456	0,513173	0,496435	1	0	0
0,48	0,457846	0,449755	0,497116	0,577853	0,723867	0,368686	0,409883	0,375928	0,473983	0,40073	0,304373	0,297985	0,273191	0,453355	0,529437	0,444582	0,523311	0,572031	0,224149	0	0,387617	0,49456	0,513173	0,496435	0	0	1
0,48	0,543138	0,563311	0,602169	0,388822	0,367715	0,409869	0,413777	0,412902	0,380944	0,539742	0,491348	0,409992	0,346078	0,279152	0,459783	0,420557	0,433232	0,505807	0,243883	0,47596	0,510379	0,49456	0,513173	0,496435	0	0	1
0,48	0,482892	0,501563	0,592575	0,46852	0,510178	0,393166	0,395552	0,385644	0,398344	0,522307	0,475062	0,40883	0,422795	0,383294	0,485405	0,452743	0,504785	0,552514	0,287391	0	0,568368	0,49456	0,513173	0,496435	0	0	1
0,48	0,506658	0,504167	0,462784	0,464301	0,529492	0,426041	0,430337	0,43049	0,464519	0,460626	0,445391	0,433555	0,471157	0,49486	0,437471	0,495348	0,424871	0,52069	0,285644	0	0,485731	0,49456	0,513173	0,496435	0	0	1
0,48	0,533277	0,552379	0,626468	0,487949	0,629753	0,445589	0,44506	0,452839	0,442214	0,596081	0,526646	0,527247	0,579867	0,491331	0,550505	0,387639	0,512883	0,518143	0,284279	0	0,581038	0,49456	0,513173	0,496435	0	0	1
0,48	0,419827	0,406959	0,398775	0,60787	0,682677	0,397227	0,414231	0,401697	0,690757	0,383024	0,367696	0,438405	0,439055	0,621516	0,52321	0,464275	0,527909	0,500545	0,252256	0,518083	0,376159	0,49456	0,513173	0,496435	0	0	1
0,48	0,484911	0,511713	0,359928	0,586933	0,738142	0,390803	0,392768	0,395039	0,670001	0,64949	0,513435	0,451662	0,41292	0,327734	0,632809	0,449863	0,370935	0,379891	0,233072	0,531958	0,391926	0,51413	0,457277	0,410606	0	0	1
0,48	0,413797	0,301672	0,346999	0,753282	0,773453	0,430248	0,406995	0,40677	0,745377	0,414074	0,480661	0,717234	0,584006	0,580012	0,409873	0,460431	0,679791	0,445173	0,335169	0,449112	0,358098	0,49456	0,513173	0,496435	0	0	1
0,48	0,466971	0,504167	0,58232	0,456344	0,517446	0,416483	0,435537	0,424479	0,372965	0,419864	0,416888	0,415999	0,458355	0,532676	0,605174	0,409477	0,524578	0,537183	0,272052	0,537383	0,482371	0,49456	0,513173	0,496435	0	0	1
0,48	0,47564	0,379728	0,371234	0,540505	0,660859	0,40292	0,407381	0,401881	0,406743	0,346405	0,369274	0,488005	0,476481	0,689715	0,448313	0,42301	0,580206	0,445432	0,30343	0,481376	0,318589	0,49456	0,513173	0,496435	0	1	0
0,48	0,409114	0,348135	0,346999	0,496019	0,512334	0,45791	0,462962	0,453989	0,326582	0,395506	0,435609	0,516958	0,547418	0,627403	0,58875	0,391272	0,597527	0,468023	0,294218	0	0,398134	0,49456	0,513173	0,496435	0	1	0
0,48	0,44059	0,478839	0,565441	0,636682	0,817727	0,369005	0,355253	0,347847	0,552733	0,484655	0,425679	0,357441	0,321272	0,320492	0,656109	0,513941	0,479589	0,718094	0,239149	0	0,768938	0,49456	0,513173	0,496435	0	1	0
0,48	0,490837	0,365105	0,359928	0,568045	0,74571	0,386593	0,389293	0,396074	0,315881	0,312349	0,307444	0,402507	0,388956	0,714748	0,418579	0,378999	0,539112	0,42277	0,287177	0,546813	0,261201	0,49456	0,513173	0,496435	0	1	0
0,48	0,515378	0,293775	0,381315	0,417796	0,411641	0,378992	0,416338	0,380887	0,505957	0,273017	0,294424	0,280679	0,301433	0,547767	0,366868	0,465734	0,805369	0,702076	0,260768	0,464875	0,301388	0,49456	0,513173	0,496435	0	1	0
0,48	0,463606	0,383098	0,251239	0,567792	0,734671	0,408751	0,417629	0,426595	0,314938	0,324554	0,32514	0,423885	0,407365	0,693668	0,423886	0,33029	0,502019	0,414333	0,299562	0,440091	0,268136	0,49456	0,513173	0,496435	0	1	0
0,48	0,512803	0,467609	0,406474	0,469469	0,495769	0,415125	0,409391	0,407597	0,420023	0,33173	0,377547	0,417105	0,417227	0,559345	0,418895	0,472107	0,470678	0,430116	0,306039	0,460939	0,310349	0,49456	0,513173	0,496435	0	1	0
0,48	0,462469	0,368951	0,251239	0,549597	0,698388	0,395606	0,39491	0,402064	0,307439	0,292369	0,314676	0,412857	0,400425	0,716612	0,425062	0,377908	0,517238	0,466004	0,282379	0,460093	0,296589	0,49456	0,513173	0,496435	1	0	0
0,48	0,416841	0,426796	0,483046	0,555527	0,539093	0,372081	0,391406	0,35875	0,198951	0,260155	0,30037	0,372317	0,316247	0,564984	0,666896	0,462666	0,500786	0,566718	0,257025	0,507851	0,318589	0,441175	0,422061	0,691593	1	0	0
0,48	0,437972	0,383098	0,346999	0,534705	0,615142	0,394307	0,406995	0,39828	0,395549	0,332645	0,336724	0,425141	0,399237	0,636629	0,465707	0,439811	0,553776	0,452881	0,307348	0,468368	0,305968	0,49456	0,513173	0,496435	1	0	0
0,56	0,490837	0,539629	0,626468	0,426678	0,468338	0,417806	0,437072	0,439321	0,718832	0,699978	0,479898	0,34442	0,384636	0,331254	0,472752	0,457691	0,459204	0,456239	0,268318	0,514102	0,561342	0,49456	0,513173	0,496435	0	0	1
0,56	0,49938	0,541658	0,503595	0,412503	0,29826	0,468634	0,461263	0,470644	0,850983	0,692525	0,626684	0,625896	0,600788	0,383294	0,302939	0,58279	0,335114	0,438122	0,313774	0,428841	0,556261	0,49456	0,513173	0,496435	0	0	1
0,56	0,490837	0,293775	0,251239	0,427646	0,375534	0,473277	0,484074	0,48043	0,606484	0,441661	0,446586	0,521364	0,547071	0,602005	0,340785	0,516899	0,564802	0,481434	0,300335	0,394636	0,446938	0,49456	0,513173	0,496435	0	1	0
0,56	0,356185	0,372663	0,398775	0,473716	0,57853	0,398969	0,406607	0,400017	0,697686	0,53211	0,519212	0,412743	0,449269	0,357365	0,528986	0,445682	0,507574	0,430313	0,30786	0,456123	0,469403	0,49456	0,513173	0,496435	0	1	0
0,56	0,431234	0,327722	0	0,427365	0,429856	0,579756	0,610236	0,588658	0,504112	0,352509	0,393941	0,446857	0,514539	0,684719	0,492216	0,402264	0,587074	0,527062	0,280888	0,576241	0,402115	0,49456	0,513173	0,496435	0	1	0
0,56	0,478784	0,458981	0,371234	0,369059	0,269409	0,453989	0,467291	0,455812	0,453194	0,308193	0,386886	0,457005	0,487862	0,657671	0,423985	0,476051	0,45033	0,44049	0,28451	0	0,326232	0,49456	0,513173	0,496435	1	0	0
0,64	0,416841	0,475723	0,539248	0,386335	0,375041	0,460219	0,483968	0,481973	0,661209	0,692836	0,527631	0,388794	0,454155	0,354279	0,63195	0,449917	0,479792	0,476322	0,28865	0,354346	0,611452	0,49456	0,513173	0,496435	0	0	1
0,64	0,533277	0,548563	0,561403	0,495335	0,560915	0,47047	0,474739	0,472344	0,667331	0,687525	0,602498	0,552689	0,606162	0,41615	0,430239	0,457949	0,412603	0,526926	0,286527	0,50348	0,681376	0,49456	0,513173	0,496435	0	0	1
0,64	0,443168	0,398579	0,398775	0,494041	0,544152	0,451152	0,453327	0,455881	0,8822	0,556303	0,51247	0,43385	0,442731	0,360406	0,295288	0,60778	0,446883	0,44334	0,29909	0	0,460551	0,49456	0,513173	0,496435	0	1	0
0,64	0,375443	0,28507	0,313196	0,446864	0,438005	0,446297	0,485645	0,482107	0,401125	0,470385	0,417647	0,483525	0,51228	0,616737	0,50615	0,409113	0,641425	0,463876	0,283341	0,429176	0,442599	0,49456	0,513173	0,496435	0	1	0
0,64	0,491806	0,395647	0,483046	0,329264	0,187958	0,542759	0,553876	0,550519	0,393243	0,412041	0,435175	0,546098	0,584591	0,686725	0,396887	0,478155	0,667026	0,49512	0,294218	0,433168	0,446938	0,49456	0,513173	0,496435	0	1	0
0,64	0,477742	0,445875	0,413632	0,574547	0,530899	0,436971	0,429996	0,435817	0,309834	0,451329	0,455017	0,577201	0,53379	0,563583	0,435701	0,427483	0,45824	0,496155	0,29276	0,427492	0,466925	0,49456	0,513173	0,496435	1	0	0
0,64	0,44059	0,474138	0,443573	0,506621	0,55897	0,444871	0,437223	0,444245	0,582105	0,611901	0,558402	0,535598	0,538916	0,404052	0,457714	0,427056	0,412706	0,481498	0,306436	0	0,552544	0,49456	0,513173	0,496435	1	0	0
0,64	0,490837	0,507988	0,500397	0,387448	0,355988	0,42553	0,425088	0,430598	0,552575	0,578571	0,507792	0,360157	0,406988	0,327734	0,43961	0,415629	0,408325	0,454492	0,290857	0,553067	0,487933	0,49456	0,513173	0,496435	1	0	0
0,64	0,410691	0,429064	0,443573	0,387824	0,340899	0,47084	0,498985	0,49341	0,652889	0,603186	0,543746	0,449278	0,493186	0,37499	0,521109	0,621431	0,42151	0,468166	0,299718	0,55838	0,516011	0,44964	0,457277	0,410606	1	0	0
0,64	0,460173	0,395647	0,467123	0,340385	0,189258	0,536641	0,545074	0,542927	0,404581	0,375399	0,4151	0,538741	0,579419	0,734814	0,426029	0,472001	0,590032	0,468166	0,312202	0,42228	0,394028	0,49456	0,513173	0,496435	1	0	0
0,64	0,421299	0,348135	0,346999	0,473777	0,519584	0,423754	0,438567	0,428298	0,450831	0,343563	0,370828	0,460691	0,475981	0,682703	0,458171	0,446349	0,599027	0,4791	0,295796	0,413763	0,358098	0,49456	0,513173	0,496435	1	0	0
0,64	0,463606	0,458981	0,426626	0,402884	0,249899	0,468009	0,468204	0,475059	0,133277	0,224541	0,292644	0,448564	0,433705	0,9	0,480344	0,458541	0,490209	0,478773	0,303713	0,369611	0,268136	0,49456	0,513173	0,496435	1	0	0
0,6	0,488883	0,520059	0,515638	0,44037	0,425517	0,510355	0,505221	0,511588	0,678101	0,655989	0,619526	0,699196	0,763091	0,540312	0,427833	0,467757	0,414239	0,472794	0,25282	0,586443	0,631959	0,572656	0,530164	0,593696	0	0	1
0,6	0,501227	0,424486	0,486717	0,367484	0,301925	0,446788	0,456363	0,454767	0,66431	0,436951	0,44153	0,402141	0,460007	0,485955	0,388886	0,479856	0,497877	0,441835	0,286308	0,475774	0,411579	0,49456	0,513173	0,496435	0	0	1
0,6	0,522078	0,571056	0,599039	0,418538	0,491681	0,417448	0,413777	0,415226	0,7161	0,577376	0,547328	0,392648	0,446625	0,331254	0,495226	0,509076	0,424612	0,475314	0,228877	0,62533	0,542509	0,572656	0,530164	0,593696	0	0	1
0,6	0,40591	0,443891	0,346999	0,496678	0,4965	0,435793	0,431348	0,4184	0,67783	0,437316	0,475062	0,521423	0,487156	0,463354	0,565475	0,487312	0,431294	0,49024	0,28451	0,643032	0,449761	0,49456	0,513173	0,496435	0	1	0
0,6	0,40752	0,383098	0,43821	0,494392	0,556533	0,461744	0,477615	0,466923	0,768721	0,428186	0,45315	0,528535	0,570884	0,621516	0,544304	0,471588	0,60312	0,4605	0,293678	0,441546	0,411579	0,49456	0,513173	0,496435	0	1	0
0,6	0,433963	0,414784	0,381315	0,551236	0,572119	0,423006	0,42755	0,42671	0,445161	0,534006	0,507165	0,510108	0,487862	0,41615	0,425353	0,403903	0,449117	0,49512	0,305638	0,495161	0,530186	0,49456	0,513173	0,496435	0	1	0
0,6	0,454295	0,31562	0,390433	0,397247	0,369835	0,430903	0,435847	0,426248	0,504868	0,345557	0,398801	0,367654	0,409611	0,49486	0,383526	0,494752	0,675963	0,456161	0,211753	0,567818	0,36617	0,51413	0,457277	0,410606	0	1	0
0,6	0,552541	0,518895	0,595842	0,517821	0,588306	0,456338	0,44714	0,443225	0,505036	0,443092	0,483674	0,546047	0,566963	0,550701	0,395612	0,449101	0,539367	0,480725	0,293859	0,49497	0,436606	0,49456	0,513173	0,496435	0	1	0
0,6	0,412252	0,441875	0,521262	0,613601	0,637074	0,445446	0,453442	0,448701	0,773723	0,504416	0,506156	0,69491	0,616295	0,570527	0,522601	0,501879	0,554833	0,516189	0,290662	0,503719	0,556261	0,49456	0,513173	0,496435	0	1	0
0,6	0,464735	0,383098	0,251239	0,425524	0,397958	0,402122	0,399987	0,407761	0,321845	0,337447	0,348492	0,39291	0,417581	0,637767	0,420354	0,475446	0,504162	0,454652	0,283578	0	0,310349	0,49456	0,513173	0,496435	1	0	0
0,6	0,432605	0,404232	0,448689	0,463117	0,484717	0,423861	0,435693	0,438767	0,580893	0,450293	0,44153	0,421017	0,430801	0,445076	0,385028	0,511108	0,474246	0,439494	0,343311	0,523827	0,407873	0,44964	0,457277	0,410606	1	0	0
0,6	0,545347	0,502871	0,595842	0,4549	0,45481	0,445731	0,445587	0,448545	0,535247	0,457454	0,45921	0,521074	0,539278	0,562177	0,381474	0,462786	0,570624	0,433807	0,328908	0,431436	0,391926	0,49456	0,513173	0,496435	1	0	0
0,6	0,425634	0,426796	0,483046	0,491887	0,518057	0,420356	0,421432	0,41551	0,426881	0,360005	0,408203	0,458607	0,437499	0,518439	0,440177	0,503325	0,477738	0,476989	0,342348	0,516769	0,373737	0,44964	0,457277	0,410606	1	0	0
0,6	0,471359	0,361115	0,406474	0,489699	0,550167	0,408182	0,428259	0,417861	0,549505	0,428945	0,411703	0,396778	0,412191	0,472996	0,373393	0,525896	0,56549	0,448671	0,29545	0,472988	0,373737	0,49456	0,513173	0,496435	1	0	0
0,6	0,427052	0,321867	0,313196	0,547196	0,56305	0,427645	0,443519	0,433319	0,400431	0,315399	0,353193	0,526006	0,48068	0,751418	0,459975	0,435422	0,607525	0,483598	0,290069	0,438464	0,34328	0,49456	0,513173	0,496435	1	0	0
0,68	0,472439	0,501563	0,458275	0,422011	0,440813	0,45224	0,465756	0,457042	0,569673	0,552899	0,526866	0,431969	0,489266	0,3913	0,467654	0,564717	0,393908	0,498481	0,27218	0,530434	0,559904	0,44964	0,457277	0,410606	0	0	1
0,68	0,490837	0,492063	0,515638	0,40695	0,411057	0,413988	0,429394	0,419724	0,650867	0,513507	0,479591	0,394986	0,439364	0,396485	0,407837	0,491599	0,412187	0,491433	0,241286	0,599564	0,505537	0,51413	0,457277	0,410606	0	1	0
0,68	0,585808	0,577649	0,616921	0,336419	0,25984	0,525204	0,533933	0,534572	0,652819	0,540112	0,513555	0,490306	0,594168	0,529569	0,388258	0,450936	0,44172	0,489338	0,318952	0,3428	0,513218	0,49456	0,513173	0,496435	0	1	0
0,68	0,449441	0,275343	0,331806	0,687712	0,599854	0,455446	0,455867	0,461782	0,619316	0,561509	0,517351	0,824024	0,60854	0,540312	0,338194	0,571801	0,605534	0,467593	0,350696	0	0,507491	0,49456	0,513173	0,496435	0	1	0
0,68	0,431234	0,475723	0,462784	0,470003	0,377996	0,411636	0,406737	0,410472	0,9	0,510099	0,490075	0,439167	0,405086	0,344733	0,312773	0,9	0,34185	0,490659	0,24432	0,501587	0,494364	0,51413	0,457277	0,410606	0	1	0
0,68	0,422757	0,406959	0,458275	0,432602	0,428944	0,516343	0,52868	0,516353	0,674298	0,466365	0,484565	0,55624	0,621327	0,621516	0,416221	0,448331	0,536541	0,510304	0,269026	0	0,505537	0,49456	0,513173	0,496435	0	1	0
0,68	0,524532	0,493459	0,548541	0,272498	0,142054	0,544016	0,553747	0,552163	0,450012	0,430456	0,450872	0,492028	0,590073	0,654425	0,425836	0,46001	0,508962	0,485229	0,283578	0,45328	0,453899	0,49456	0,513173	0,496435	1	0	0
0,68	0,453094	0,481887	0,413632	0,445921	0,497231	0,41437	0,443111	0,41718	0,554067	0,580194	0,514871	0,387847	0,418638	0,331254	0,473574	0,415419	0,426069	0,473412	0,277714	0,457563	0,504552	0,49456	0,513173	0,496435	1	0	0
0,68	0,416841	0,361115	0,443573	0,509895	0,42023	0,403706	0,420023	0,409846	0,376088	0,310975	0,332832	0,454615	0,388102	0,623882	0,428767	0,516691	0,639256	0,497238	0,303572	0,532438	0,33337	0,441175	0,422061	0,691593	1	0	0
0,68	0,484911	0,449755	0,398775	0,388599	0,376274	0,465341	0,469814	0,471976	0,376814	0,395727	0,413283	0,447578	0,514947	0,633196	0,435017	0,413992	0,499502	0,509737	0,294927	0,404711	0,439634	0,49456	0,513173	0,496435	1	0	0
0,68	0,468078	0,333239	0,331806	0,463038	0,501708	0,465341	0,468745	0,469392	0,493706	0,454921	0,460815	0,505348	0,554248	0,580012	0,392995	0,472292	0,531908	0,460576	0,301543	0,520803	0,423815	0,49456	0,513173	0,496435	1	0	0
0,68	0,48085	0,457186	0,43821	0,418082	0,322844	0,513232	0,497677	0,502843	0,182326	0,286456	0,375355	0,527864	0,540178	0,792354	0,457452	0,461143	0,494455	0,477454	0,328128	0,441646	0,326232	0,49456	0,513173	0,496435	1	0	0
0,68	0,469179	0,455367	0,390433	0,377838	0,205534	0,469016	0,470473	0,471553	0,162056	0,237153	0,313277	0,473502	0,444239	0,827055	0,459399	0,464891	0,472839	0,488854	0,31443	0,364901	0,301388	0,49456	0,513173	0,496435	1	0	0
