price	A1	A2	A3	B1	B2	B3	B4	B5	C1	C2	C3	C4	C5	D1	D2	D3	D4	E1	E2	E3	E4	F1	F2	F3	GB	GM	GS
0,76	0,553246	0,531236	0,490282	0,42824	0,460402	0,442961	0,453327	0,445164	0,349345	0,438955	0,447769	0,439452	0,490196	0,516816	0,419	0,470514	0,435415	0,479948	0,291052	0,542223	0,436606	0,49456	0,513173	0,496435	0	1	0
0,76	0,599849	0,559748	0,523986	0,405128	0,441149	0,47107	0,475913	0,477611	0,566978	0,543544	0,50978	0,471422	0,561837	0,498347	0,45005	0,389164	0,443394	0,469092	0,29698	0,443913	0,495412	0,49456	0,513173	0,496435	0	1	0
0,76	0,502143	0,487791	0,43821	0,323266	0,180802	0,572767	0,579064	0,582718	0,461931	0,583095	0,554433	0,608114	0,65474	0,531127	0,390128	0,462197	0,408984	0,486037	0,315501	0,442736	0,575806	0,49456	0,513173	0,496435	0	1	0
0,76	0,490837	0,505452	0,515638	0,429177	0,391372	0,531024	0,478852	0,484648	0,561171	0,552899	0,661431	0,720739	0,784424	0,501792	0,407472	0,489433	0,412809	0,470081	0,354146	0,497558	0,534389	0,49456	0,513173	0,496435	0	1	0
0,76	0,494683	0,498912	0,458275	0,413161	0,394373	0,492798	0,492914	0,49861	0,486334	0,527509	0,539877	0,53715	0,598603	0,493101	0,419732	0,468872	0,418068	0,471271	0,318561	0,460981	0,513218	0,49456	0,513173	0,496435	0	1	0
0,76	0,503962	0,520059	0,515638	0,428796	0,45481	0,469158	0,474903	0,475955	0,516102	0,517942	0,511376	0,481422	0,542501	0,472996	0,422492	0,448533	0,423915	0,482266	0,313107	0,466855	0,517848	0,49456	0,513173	0,496435	0	1	0
0,76	0,525344	0,517721	0,390433	0,371934	0,325939	0,484937	0,490622	0,491513	0,394247	0,486908	0,493027	0,492028	0,568697	0,535753	0,423886	0,450509	0,42151	0,480854	0,327036	0,42293	0,496452	0,49456	0,513173	0,496435	0	1	0
0,76	0,483904	0,490653	0,448689	0,449577	0,449619	0,454418	0,463452	0,458905	0,44415	0,449253	0,491488	0,510786	0,534899	0,496609	0,423886	0,46395	0,420228	0,465274	0,340776	0,476257	0,473047	0,49456	0,513173	0,496435	1	0	0
0,76	0,49845	0,512934	0,448689	0,410139	0,376767	0,483945	0,491163	0,494631	0,513206	0,543666	0,515109	0,532838	0,586046	0,518439	0,421278	0,48702	0,414037	0,504578	0,305906	0,517092	0,556995	0,49456	0,513173	0,496435	1	0	0
0,76	0,397589	0,431292	0,479259	0,623648	0,740944	0,504477	0,506593	0,504153	0,43637	0,470385	0,49219	0,530809	0,469086	0,41615	0,435616	0,443603	0,432695	0,49042	0,320951	0,461485	0,514154	0,49456	0,513173	0,496435	1	0	0
0,76	0,487898	0,467609	0,503595	0,360952	0,26351	0,511941	0,514203	0,51966	0,335799	0,487804	0,491207	0,496427	0,545851	0,510232	0,389355	0,450222	0,450749	0,488003	0,329902	0,462029	0,508459	0,49456	0,513173	0,496435	1	0	0
0,76	0,468078	0,47729	0,432572	0,472142	0,418035	0,451986	0,454751	0,457446	0,405663	0,477774	0,483376	0,53592	0,526426	0,500074	0,426794	0,476239	0,414441	0,480661	0,312202	0,494202	0,502564	0,49456	0,513173	0,496435	1	0	0
0,76	0,468078	0,487791	0,346999	0,63047	0,692404	0,496686	0,505426	0,500444	0,414922	0,480548	0,49496	0,618632	0,506834	0,4574	0,403979	0,469793	0,377219	0,475517	0,333039	0,470952	0,487933	0,49456	0,513173	0,496435	1	0	0
0,76	0,47982	0,474138	0,443573	0,406042	0,346102	0,462119	0,467521	0,472501	0,435717	0,508448	0,492609	0,513414	0,540537	0,501792	0,40928	0,462151	0,423211	0,481626	0,323915	0,478133	0,498515	0,49456	0,513173	0,496435	1	0	0
0,76	0,522078	0,462499	0,371234	0,40308	0,307234	0,458368	0,463794	0,466636	0,494643	0,555133	0,527631	0,572332	0,598877	0,511892	0,364695	0,45447	0,419391	0,472518	0,345818	0,546813	0,516932	0,535149	0,48314	0,432002	1	0	0
0,76	0,456671	0,455367	0,420329	0,426572	0,446955	0,443408	0,494289	0,477803	0,449829	0,492385	0,430068	0,389064	0,417934	0,44717	0,403467	0,480403	0,416621	0,518046	0,439792	0,501436	0,465672	0,300007	0,305678	0,432002	1	0	0
0,76	0,501227	0,483386	0,413632	0,360658	0,255053	0,502004	0,508258	0,509319	0,453828	0,534383	0,513315	0,532073	0,577618	0,511892	0,379181	0,507583	0,40084	0,482457	0,510045	0,453235	0,519665	0,300007	0,305678	0,432002	1	0	0
0,76	0,504865	0,514145	0,448689	0,396649	0,373558	0,484498	0,511798	0,493484	0,335348	0,386273	0,413544	0,413536	0,443637	0,518439	0,428208	0,48159	0,401457	0,451083	0,47418	0,423401	0,376159	0,300007	0,305678	0,432002	1	0	0
0,76	0,489863	0,507988	0,448689	0,599097	0,721193	0,437797	0,427371	0,4184	0,420214	0,409371	0,474744	0,474494	0,407742	0,366359	0,384198	0,557211	0,354078	0,418468	0,504904	0,450318	0,404062	0,300007	0,305678	0,432002	1	0	0
0,76	0,490837	0,497568	0,471308	0,424377	0,333535	0,515383	0,542162	0,52901	0,434597	0,402657	0,424496	0,466705	0,457801	0,516816	0,412201	0,515637	0,400964	0,4791	0,451038	0,439585	0,416956	0,300007	0,305678	0,432002	1	0	0
0,72	0,484911	0,467609	0,346999	0,414131	0,393054	0,462704	0,457072	0,44712	0,361989	0,463594	0,502566	0,450431	0,494097	0,429915	0,608913	0,459508	0,443262	0,492674	0,313774	0,530507	0,489023	0,49456	0,513173	0,496435	0	0	1
0,72	0,365082	0,348135	0,251239	0,488413	0,605719	0,483387	0,494016	0,487542	0,449282	0,590073	0,55715	0,470801	0,521362	0,388663	0,434586	0,437479	0,442529	0,499433	0,326196	0,515388	0,57844	0,49456	0,513173	0,496435	0	1	0
0,72	0,506658	0,527968	0,426626	0,453792	0,473942	0,440439	0,453901	0,440772	0,436557	0,502024	0,498213	0,514744	0,539998	0,491331	0,443497	0,460478	0,403273	0,5035	0,316131	0,467972	0,511331	0,49456	0,513173	0,496435	0	1	0
0,72	0,44696	0,426796	0,251239	0,430655	0,385205	0,480594	0,483435	0,488073	0,584447	0,500181	0,49233	0,603054	0,604964	0,583997	0,406119	0,488577	0,442996	0,45726	0,327732	0,475774	0,459244	0,49456	0,513173	0,496435	0	1	0
0,72	0,449441	0,443891	0,426626	0,418632	0,256603	0,455206	0,450856	0,431238	0,388499	0,33173	0,444387	0,49636	0,429821	0,438688	0,403338	0,517629	0,386435	0,427012	0,325449	0,50095	0,423815	0,44964	0,457277	0,410606	1	0	0
0,72	0,482892	0,533377	0,557246	0,404162	0,45492	0,453742	0,467245	0,457446	0,467009	0,60097	0,598168	0,449811	0,544447	0,363403	0,537948	0,528011	0,422589	0,475112	0,259087	0,516634	0,610899	0,789523	0,457277	0,735284	1	0	0
0,72	0,62094	0,635524	0,420329	0,607773	0,664203	0,488754	0,496839	0,497813	0,401422	0,477309	0,481269	0,556433	0,466991	0,429915	0,393585	0,441723	0,341515	0,480337	0,317262	0,464589	0,485731	0,49456	0,513173	0,496435	1	0	0
0,72	0,461325	0,464224	0,448689	0,399294	0,283178	0,502912	0,503794	0,503995	0,396449	0,481619	0,494411	0,543797	0,530047	0,485955	0,386822	0,475825	0,402673	0,450918	0,348846	0,514404	0,466925	0,441175	0,422061	0,691593	1	0	0
0,72	0,495632	0,510482	0,57129	0,323802	0,174253	0,520508	0,523598	0,523499	0,159755	0,327397	0,406551	0,540267	0,568854	0,742758	0,488874	0,420613	0,48617	0,574897	0,336816	0,414659	0,463133	0,49456	0,513173	0,496435	1	0	0
0,72	0,44059	0,439828	0,506714	0,347657	0,314137	0,525243	0,433641	0,441218	0,597844	0,659491	0,9	0,508182	0,642057	0,229948	0,38182	0,441642	0,463797	0,383014	0,380462	0,444546	0,751463	0,622882	0,592086	0,84495	1	0	0
0,72	0,511938	0,522361	0,563436	0,359075	0,228276	0,490276	0,484003	0,48944	0,468693	0,520859	0,550921	0,615844	0,616423	0,49486	0,399778	0,490467	0,406419	0,509634	0,289061	0	0,591095	0,629103	0,655225	0,539577	1	0	0
0,72	0,457846	0,458981	0,406474	0,474449	0,551836	0,44958	0,451809	0,456974	0,555086	0,549455	0,521505	0,5209	0,555253	0,472996	0,400182	0,463831	0,420413	0,45133	0,353296	0,517173	0,490105	0,535149	0,48314	0,432002	1	0	0
0,72	0,55743	0,518895	0,471308	0,412443	0,355733	0,452177	0,454015	0,456225	0,428016	0,507757	0,494548	0,532292	0,567753	0,532676	0,390589	0,457932	0,419764	0,423819	0,357236	0,542401	0,455253	0,535149	0,48314	0,432002	1	0	0
0,72	0,527757	0,502871	0,448689	0,539611	0,597237	0,472654	0,477066	0,48273	0,522267	0,584268	0,539977	0,564497	0,615276	0,510232	0,386499	0,460587	0,412291	0,487637	0,336687	0,542468	0,559181	0,535149	0,48314	0,432002	1	0	0
0,72	0,454295	0,40144	0,406474	0,530091	0,584521	0,495867	0,507815	0,496616	0,433286	0,51174	0,522751	0,573659	0,561351	0,47676	0,413677	0,457107	0,450869	0,443604	0,359665	0,536128	0,484619	0,535149	0,48314	0,432002	1	0	0
0,72	0,494683	0,510482	0,467123	0,578665	0,631475	0,45024	0,436616	0,438021	0,50386	0,454241	0,491629	0,52595	0,446328	0,388663	0,382336	0,59159	0,356441	0,427113	0,485674	0,413183	0,430354	0,300007	0,305678	0,432002	1	0	0
0,8	0,534826	0,516539	0,448689	0,354516	0,290418	0,492638	0,497562	0,500176	0,453557	0,493555	0,499547	0,500847	0,591493	0,552157	0,409636	0,447757	0,429542	0,461031	0,315922	0,511911	0,482371	0,49456	0,513173	0,496435	0	0	1
0,8	0,493729	0,489229	0,381315	0,405894	0,402589	0,494819	0,49075	0,495757	0,590237	0,544517	0,546657	0,484173	0,553068	0,43434	0,410109	0,487085	0,417973	0,502686	0,324088	0,302504	0,569057	0,49456	0,513173	0,496435	0	1	0
0,8	0,466971	0,501563	0,552962	0,1807	0,024779	0,582441	0,612335	0,612901	0,445529	0,492385	0,462749	0,674341	0,602008	0,643402	0,466598	0,423807	0,44751	0,486901	0,296477	0,43624	0,473047	0,49456	0,513173	0,496435	1	0	0
0,8	0,432605	0,441875	0,497116	0,481803	0,308206	0,502912	0,505221	0,505001	0,3606	0,443804	0,468717	0,664343	0,522738	0,521661	0,416547	0,527414	0,455827	0,474503	0,331825	0,482226	0,466925	0,49456	0,513173	0,496435	1	0	0
0,8	0,49845	0,514145	0,483046	0,539492	0,585374	0,436804	0,414344	0,415226	0,334897	0,40116	0,484565	0,495824	0,447805	0,401557	0,422492	0,552345	0,365029	0,468166	0,514816	0,470409	0,449761	0,300007	0,305678	0,432002	1	0	0
0,84	0,549693	0,546621	0,490282	0,36375	0,320274	0,518093	0,522368	0,524344	0,508299	0,55136	0,538159	0,504074	0,607882	0,505197	0,42359	0,436371	0,417397	0,478838	0,314322	0,487074	0,543301	0,49456	0,513173	0,496435	1	0	0
0,84	0,53093	0,529065	0,541632	0,405362	0,385691	0,517638	0,514898	0,517059	0,606704	0,611706	0,583472	0,591182	0,667016	0,498347	0,399913	0,461725	0,431057	0,47752	0,334082	0,501405	0,576468	0,49456	0,513173	0,496435	1	0	0
0,88	0,461325	0,435632	0,43821	0,427628	0,348299	0,442209	0,453786	0,437264	0,451559	0,400515	0,452961	0,458019	0,449269	0,45131	0,390435	0,485651	0,412083	0,506338	0,322682	0,518695	0,468169	0,441175	0,422061	0,691593	1	0	0
0,88	0,599281	0,608609	0,640392	0,193705	0,059098	0,704918	0,758783	0,717659	0,43141	0,466527	0,499944	0,415777	0,524105	0,46918	0,427362	0,46865	0,408875	0,457025	0,571297	0,465768	0,47543	0,300007	0,305678	0,432002	1	0	0
0,92	0,556739	0,505452	0,43821	0,262002	0,132171	0,631267	0,64489	0,643153	0,550687	0,472767	0,475379	0,499473	0,620204	0,640031	0,39475	0,441581	0,45385	0,49036	0,329751	0,479006	0,486836	0,49456	0,513173	0,496435	0	1	0
1	0,349097	0,406959	0,479259	0,666949	0,806814	0,481987	0,490109	0,48426	0,557822	0,537013	0,552964	0,498881	0,407365	0,283763	0,440739	0,501268	0,435192	0,468381	0,298453	0,548039	0,548749	0,49456	0,513173	0,496435	1	0	0
0,4	0,583988	0,6052	0,694668	0,519092	0,715322	0,371482	0,398348	0,380048	0,447637	0,544639	0,366898	0,278596	0,288219	0,354279	0,560306	0,451149	0,466693	0,497804	0,216259	0	0,564184	0,49456	0,513173	0,496435	0	0	1
0,4	0,613058	0,621628	0,687509	0,51929	0,593674	0,421366	0,377654	0,390901	0,397846	0,432703	0,490358	0,558492	0,5291	0,491331	0,396181	0,481694	0,419857	0,4897	0,292387	0	0,433514	0,49456	0,513173	0,496435	0	0	1
0,4	0,525344	0,534437	0,381315	0,474867	0,513769	0,381985	0,399396	0,383323	0,286635	0,380672	0,337807	0,330024	0,318426	0,467252	0,464929	0,479089	0,407323	0,638793	0,216259	0	0,407873	0,49456	0,513173	0,496435	0	0	1
0,4	0,48085	0,527968	0,493746	0,472665	0,386297	0,394307	0,383401	0,381164	0,323815	0,300659	0,343552	0,405525	0,368416	0,552157	0,513179	0,517563	0,389324	0,492202	0,283103	0,490027	0,355281	0,441175	0,422061	0,691593	0	0	1
0,36	0,538647	0,514145	0,432572	0,558202	0,639413	0,374687	0,381137	0,383058	0,47328	0,448208	0,356355	0,39186	0,349505	0,482313	0,383695	0,452343	0,417973	0,482457	0,258947	0	0,385406	0,49456	0,513173	0,496435	0	0	1
0,44	0,538647	0,506726	0,43821	0,546955	0,588778	0,395422	0,41145	0,402064	0,336586	0,45526	0,44599	0,528144	0,454438	0,46918	0,45259	0,445701	0,43467	0,454332	0,308491	0	0,400139	0,49456	0,513173	0,496435	0	0	1
0,44	0,506658	0,475723	0,346999	0,498278	0,565664	0,374687	0,382385	0,374999	0,34162	0,435666	0,410637	0,474189	0,418988	0,48414	0,436801	0,472844	0,433232	0,548472	0,267958	0	0,436606	0,557227	0,35625	0,432002	0	0	1
0,44	0,540155	0,512934	0,251239	0,681956	0,765484	0,417209	0,417416	0,416767	0,357379	0,415887	0,422579	0,666761	0,553237	0,669343	0,4409	0,436589	0,445867	0,445259	0,320484	0	0,326232	0,49456	0,513173	0,496435	0	0	1
0,44	0,506658	0,538604	0,55512	0,382371	0,326341	0,449911	0,47671	0,464527	0,526511	0,382321	0,406273	0,43157	0,477229	0,587936	0,500969	0,43696	0,416524	0,521734	0,271071	0,460812	0,400139	0,49456	0,513173	0,496435	0	0	1
0,44	0,9	0,9	0,448689	0,9	0,846768	0,391004	0,339807	0,331004	0,414341	0,397916	0,534245	0,9	0,445137	0,338109	0,428767	0,448128	0,298218	0,623876	0,297968	0,384131	0,689214	0,49456	0,513173	0,496435	0	0	1
0,44	0,390578	0,386368	0,346999	0,479405	0,555361	0,395422	0,40172	0,398083	0,414535	0,601172	0,507291	0,397665	0,400425	0,334712	0,485882	0,464584	0,417685	0,538739	0,291246	0	0,567677	0,49456	0,513173	0,496435	0	0	1
0,44	0,453094	0,47729	0,552962	0,483746	0,598921	0,39948	0,405559	0,393121	0,584523	0,550409	0,520935	0,437543	0,436559	0,341448	0,403595	0,469217	0,432308	0,419342	0,280119	0,290457	0,431943	0,650881	0,715224	0,76812	1	0	0
0,52	0,471359	0,47729	0,359928	0,474197	0,575473	0,417448	0,423385	0,428074	0,892355	0,71453	0,560085	0,417545	0,458631	0,324148	0,300503	0,607203	0,440282	0,493494	0,279335	0	0,605275	0,49456	0,513173	0,496435	0	0	1
0,52	0,49938	0,533377	0,648662	0,650161	0,9	0,393166	0,381972	0,392023	0,742843	0,9	0,713446	0,545334	0,49613	0,236316	0,814186	0,275795	0,9	0,466222	0,300488	0,619323	0,711942	0,49456	0,513173	0,496435	0	0	1
0,52	0,505764	0,526863	0,552962	0,463417	0,494094	0,419443	0,419202	0,409213	0,479839	0,438228	0,463445	0,423358	0,427513	0,406521	0,46701	0,559065	0,389621	0,500046	0,277714	0	0,471842	0,49456	0,513173	0,496435	0	0	1
0,52	0,528555	0,567658	0,565441	0,445875	0,345972	0,438205	0,453269	0,449399	0,460677	0,467336	0,44153	0,523729	0,496579	0,5388	0,49514	0,467292	0,40942	0,522111	0,29909	0	0,512277	0,49456	0,513173	0,496435	0	0	1
0,52	0,523718	0,559748	0,626468	0,438771	0,507399	0,422682	0,420227	0,426364	0,586557	0,579113	0,511984	0,439546	0,486448	0,408965	0,433368	0,483387	0,424785	0,540937	0,297805	0	0,600076	0,49456	0,513173	0,496435	0	0	1
0,52	0,579059	0,522361	0,503595	0,449956	0,505954	0,439333	0,4393	0,436689	0,344393	0,433818	0,45813	0,447037	0,487862	0,49486	0,383019	0,465748	0,423564	0,450588	0,288026	0	0,407873	0,49456	0,513173	0,496435	0	0	1
0,52	0,645907	0,674307	0,751952	0,468746	0,574899	0,408467	0,410005	0,392903	0,453285	0,568874	0,597819	0,424828	0,470899	0,301038	0,64674	0,467221	0,427579	0,450174	0,337331	0,442142	0,562057	0,49456	0,513173	0,496435	0	0	1
0,52	0,526956	0,506726	0,413632	0,460473	0,496396	0,432642	0,446434	0,446475	0,407723	0,488994	0,452584	0,479735	0,492042	0,510232	0,408922	0,471655	0,421691	0,543021	0,258947	0	0,550277	0,49456	0,513173	0,496435	0	0	1
0,52	0,568848	0,552379	0,543974	0,408597	0,424486	0,421366	0,418369	0,412154	0,469578	0,443982	0,486621	0,42048	0,482864	0,440835	0,38951	0,441561	0,413221	0,504364	0,316235	0	0,487933	0,49456	0,513173	0,496435	0	0	1
0,52	0,621971	0,569366	0,483046	0,475783	0,579484	0,379249	0,404219	0,401697	0,337934	0,393958	0,316053	0,289231	0,308683	0,501792	0,399372	0,439225	0,432772	0,473343	0,247359	0,447184	0,36617	0,49456	0,513173	0,496435	0	0	1
0,52	0,507548	0,521214	0,497116	0,560747	0,579484	0,401637	0,40516	0,407924	0,396049	0,423967	0,414584	0,483092	0,417934	0,474885	0,409991	0,500825	0,403867	0,443779	0,202217	0,553582	0,373737	0,51413	0,457277	0,410606	0	0	1
0,52	0,562207	0,572729	0,60371	0,362922	0,294568	0,553479	0,562185	0,565051	0,436463	0,513235	0,497407	0,50279	0,573203	0,534218	0,41773	0,462091	0,424785	0,504471	0,299718	0,275437	0,531879	0,49456	0,513173	0,496435	0	0	1
0,52	0,601543	0,553318	0,541632	0,434683	0,432242	0,434935	0,441728	0,446069	0,503272	0,577376	0,515939	0,527528	0,56021	0,485955	0,363582	0,472844	0,416132	0,511685	0,296477	0	0,572461	0,441175	0,422061	0,691593	0	0	1
0,52	0,523718	0,515347	0,497116	0,503758	0,572695	0,434589	0,437449	0,442099	0,490116	0,51133	0,485155	0,527808	0,529858	0,500074	0,408802	0,474414	0,434144	0,497351	0,293949	0,285422	0,499536	0,49456	0,513173	0,496435	0	0	1
0,52	0,49938	0,497568	0,486717	0,48275	0,568752	0,42553	0,428523	0,430059	0,413857	0,431769	0,424971	0,442363	0,464871	0,52643	0,436969	0,456206	0,448504	0,437568	0,31277	0	0,368744	0,49456	0,513173	0,496435	0	0	1
0,52	0,519593	0,516539	0,390433	0,460406	0,483338	0,408325	0,420933	0,41451	0,372547	0,394844	0,399097	0,410108	0,421765	0,510232	0,413451	0,477444	0,401824	0,51199	0,279598	0	0,435069	0,49456	0,513173	0,496435	0	0	1
0,52	0,560854	0,389546	0,490282	0,465821	0,512847	0,419443	0,328611	0,341215	0,44092	0,459962	0,686915	0,43157	0,476481	0,242402	0,253818	0,29469	0,578726	0,417033	0,277157	0,534083	0,613105	0,622882	0,592086	0,84495	0	0	1
0,52	0,522078	0,567658	0,55934	0,344111	0,284198	0,457968	0,464181	0,458047	0,322541	0,397916	0,450488	0,412061	0,480191	0,498347	0,549206	0,480604	0,398953	0,572827	0,272373	0	0,525879	0,49456	0,513173	0,496435	0	1	0
0,52	0,602665	0,580056	0,619709	0,340627	0,283324	0,449911	0,484881	0,464646	0,411139	0,449253	0,440493	0,332374	0,396428	0,399035	0,389043	0,436611	0,427579	0,449341	0,261209	0	0,425479	0,49456	0,513173	0,496435	0	1	0
0,52	0,548255	0,543662	0,479259	0,470288	0,488734	0,419902	0,422123	0,424837	0,237281	0,347249	0,371978	0,474646	0,486684	0,700493	0,443729	0,43696	0,435118	0,468238	0,311509	0	0,3464	0,49456	0,513173	0,496435	0	1	0
0,52	0,608194	0,581642	0,636714	0,351831	0,266696	0,433536	0,438935	0,430275	0,409482	0,412449	0,428928	0,372469	0,418638	0,449248	0,404741	0,48574	0,455155	0,468594	0,304549	0	0,405981	0,49456	0,513173	0,496435	0	1	0
0,52	0,500306	0,48487	0,509758	0,336419	0,218362	0,481062	0,483968	0,488113	0,393745	0,502589	0,502045	0,565142	0,614509	0,57598	0,41243	0,522364	0,45538	0,466077	0,306039	0,303157	0,494364	0,49456	0,513173	0,496435	0	1	0
0,52	0,542397	0,565064	0,453583	0,567779	0,647561	0,431825	0,432751	0,437549	0,36835	0,470704	0,45446	0,576463	0,522149	0,547767	0,493099	0,419578	0,411874	0,488369	0,340776	0	0,457925	0,49456	0,513173	0,496435	0	1	0
0,52	0,487898	0,526863	0,587537	0,389688	0,187772	0,519628	0,514652	0,522906	0,303943	0,461454	0,492609	0,803098	0,618573	0,600749	0,509968	0,434527	0,445418	0,529807	0,30709	0	0,552544	0,49456	0,513173	0,496435	0	1	0
0,52	0,506658	0,487791	0,432572	0,398729	0,375411	0,459048	0,458413	0,461029	0,169931	0,346687	0,383863	0,356234	0,399634	0,510232	0,420971	0,447254	0,420689	0,486901	0,301691	0	0,385406	0,49456	0,513173	0,496435	0	1	0
0,52	0,453094	0,489229	0,546276	0,198875	0,032747	0,51863	0,513593	0,518652	0,366133	0,493701	0,530119	0,707137	0,637446	0,552157	0,480898	0,452413	0,433079	0,523611	0,306304	0	0,581682	0,49456	0,513173	0,496435	0	1	0
0,52	0,495632	0,48487	0,346999	0,581103	0,667449	0,405393	0,405027	0,409213	0,337822	0,454921	0,432537	0,513293	0,500791	0,563583	0,425643	0,439936	0,441855	0,43803	0,316957	0,399466	0,380868	0,49456	0,513173	0,496435	0	1	0
0,52	0,497516	0,514145	0,471308	0,557203	0,64336	0,369322	0,381557	0,373083	0,444702	0,44628	0,367696	0,435416	0,347803	0,455385	0,435017	0,488885	0,414943	0,429323	0,263042	0,467015	0,310349	0,436812	0,535676	0,410606	0	1	0
0,52	0,558119	0,533377	0,567417	0,436712	0,403417	0,485192	0,482573	0,491552	0,371606	0,473871	0,478047	0,557106	0,584883	0,586628	0,393585	0,478666	0,438105	0,447912	0,336099	0	0,442599	0,49456	0,513173	0,496435	0	1	0
0,52	0,600415	0,621628	0,668187	0,375467	0,351771	0,589808	0,583873	0,583802	0,455819	0,587448	0,621965	0,524529	0,634873	0,418498	0,451611	0,501888	0,391943	0,483914	0,339576	0,567632	0,652912	0,549165	0,507347	0,389254	0	1	0
0,48	0,585808	0,575207	0,587537	0,4236	0,445508	0,430342	0,428083	0,434231	0,458702	0,490326	0,466193	0,45692	0,504267	0,501792	0,399236	0,446803	0,421237	0,473069	0,295277	0	0,456595	0,49456	0,513173	0,496435	0	0	1
0,48	0,530142	0,533377	0,432572	0,367728	0,349716	0,426244	0,43692	0,430705	0,359314	0,457286	0,451636	0,432566	0,504482	0,529569	0,43638	0,452029	0,412291	0,491433	0,266104	0	0,466925	0,49456	0,513173	0,496435	0	0	1
0,48	0,582766	0,613931	0,622448	0,398502	0,36106	0,462915	0,462616	0,469117	0,341842	0,442914	0,478512	0,561095	0,607882	0,615532	0,453558	0,507466	0,397533	0,407879	0,270402	0	0,391926	0,49456	0,513173	0,496435	0	0	1
0,48	0,637393	0,598892	0,398775	0,655314	0,80101	0,384573	0,391749	0,389754	0,27288	0,391727	0,355012	0,482078	0,43145	0,644519	0,430056	0,398577	0,432849	0,434094	0,268674	0	0,31455	0,49456	0,513173	0,496435	0	0	1
0,48	0,525344	0,510482	0,390433	0,398978	0,408715	0,471935	0,469014	0,465591	0,403103	0,508171	0,522864	0,479662	0,545851	0,459399	0,42428	0,461312	0,428322	0,515498	0,321044	0,368708	0,557727	0,49456	0,513173	0,496435	0	0	1
0,48	0,416841	0,422132	0,331806	0,519899	0,568848	0,416968	0,435925	0,421777	0,466743	0,524399	0,473625	0,529759	0,521362	0,510232	0,406119	0,456272	0,432463	0,418468	0,28987	0	0,396097	0,49456	0,513173	0,496435	0	0	1
0,48	0,493729	0,517721	0,331806	0,652093	0,789961	0,370875	0,408521	0,397488	0,331953	0,428566	0,381451	0,472965	0,411091	0,535753	0,550651	0,392924	0,443063	0,425478	0,267958	0,544833	0,349437	0,49456	0,513173	0,496435	0	0	1
0,48	0,534826	0,552379	0,497116	0,448508	0,526874	0,402603	0,448467	0,445824	0,469047	0,553606	0,352271	0,292029	0,317704	0,43434	0,477729	0,399394	0,430899	0,404313	0,249897	0	0,385406	0,49456	0,513173	0,496435	0	0	1
0,48	0,503055	0,469271	0,371234	0,570775	0,657594	0,385481	0,400133	0,400017	0,305031	0,427806	0,358554	0,414099	0,377448	0,531127	0,414125	0,501556	0,44138	0,433136	0,282622	0,465403	0,352396	0,49456	0,513173	0,496435	0	0	1
0,48	0,660775	0,603123	0,550769	0,502542	0,640671	0,41177	0,408017	0,41551	0,532185	0,452361	0,429385	0,462584	0,484306	0,54629	0,38873	0,444426	0,436809	0,45223	0,287391	0	0,391926	0,49456	0,513173	0,496435	0	0	1
0,48	0,513665	0,496211	0,500397	0,579265	0,709338	0,39355	0,410491	0,399636	0,465054	0,596389	0,510887	0,464131	0,406609	0,324148	0,491011	0,377132	0,419391	0,54106	0,267228	0	0,614199	0,49456	0,513173	0,496435	0	0	1
0,48	0,545347	0,50924	0,413632	0,449635	0,45492	0,446015	0,454582	0,453056	0,418776	0,477154	0,502436	0,529315	0,571969	0,523259	0,383695	0,437845	0,413118	0,564881	0,294485	0,341857	0,596532	0,49456	0,513173	0,496435	0	0	1
0,48	0,591767	0,546621	0,432572	0,550356	0,676263	0,394495	0,396656	0,398671	0,460856	0,52165	0,451254	0,480177	0,485499	0,503499	0,416112	0,403398	0,442327	0,48079	0,297312	0,499727	0,449761	0,49456	0,513173	0,496435	0	0	1
0,48	0,654129	0,582429	0,52927	0,473246	0,564503	0,386373	0,403398	0,398476	0,416273	0,486759	0,388856	0,326741	0,343744	0,408965	0,373975	0,445318	0,416621	0,522441	0,246013	0,434396	0,423815	0,49456	0,513173	0,496435	0	0	1
0,48	0,561532	0,549526	0,497116	0,364979	0,325536	0,469864	0,47321	0,476447	0,489944	0,543788	0,532038	0,504265	0,587204	0,491331	0,406614	0,437501	0,422589	0,472449	0,31905	0	0,518759	0,49456	0,513173	0,496435	0	0	1
0,48	0,560854	0,56419	0,580539	0,571739	0,693946	0,533653	0,535977	0,539007	0,466743	0,535011	0,528176	0,503625	0,502754	0,404052	0,387464	0,467405	0,39377	0,509375	0,313774	0	0,513218	0,49456	0,513173	0,496435	0	0	1
0,48	0,49938	0,496211	0,413632	0,510024	0,619639	0,398106	0,399692	0,402968	0,256831	0,479781	0,437969	0,407069	0,411458	0,425411	0,428021	0,456206	0,415639	0,522582	0,312087	0,320763	0,47543	0,49456	0,513173	0,496435	0	1	0
0,48	0,612522	0,610624	0,621084	0,181921	0,047677	0,552097	0,572556	0,562198	0,195641	0,323916	0,406551	0,398672	0,491582	0,610673	0,42574	0,471495	0,418827	0,468381	0,280633	0	0,387617	0,49456	0,513173	0,496435	0	1	0
0,48	0,55465	0,587078	0,594218	0,523642	0,656179	0,417806	0,429653	0,41551	0,597472	0,567865	0,517935	0,504074	0,504267	0,420824	0,491459	0,458573	0,428975	0,397999	0,316546	0	0,411579	0,49456	0,513173	0,496435	0	1	0
0,48	0,504865	0,497568	0,497116	0,410343	0,334197	0,445517	0,44406	0,448153	0,489859	0,471975	0,479283	0,514924	0,535083	0,518439	0,391802	0,490415	0,41911	0,541471	0,325197	0,415736	0,559904	0,49456	0,513173	0,496435	0	1	0
0,48	0,491806	0,490653	0,443573	0,565481	0,567016	0,448099	0,450916	0,455881	0,301393	0,429324	0,438393	0,595189	0,513926	0,570527	0,407959	0,493954	0,406985	0,484291	0,321137	0	0,435069	0,49456	0,513173	0,496435	0	1	0
0,48	0,483904	0,480371	0,359928	0,585172	0,670249	0,439889	0,437072	0,445987	0,369087	0,402016	0,427082	0,580169	0,543388	0,642281	0,430603	0,469093	0,427827	0,429621	0,331022	0	0,358098	0,49456	0,513173	0,496435	0	1	0
0,56	0,778373	0,778612	0,871019	0,413993	0,47362	0,479766	0,472621	0,47899	0,552733	0,63802	0,587085	0,480837	0,571969	0,401557	0,394461	0,4497	0,429864	0,535268	0,307477	0,447374	0,648328	0,49456	0,513173	0,496435	0	0	1
0,56	0,568193	0,605887	0,647506	0,3879	0,364961	0,50453	0,502148	0,504845	0,335461	0,430079	0,452584	0,45513	0,52352	0,553608	0,540587	0,445816	0,419391	0,53832	0,271071	0	0,509422	0,49456	0,513173	0,496435	0	0	1
0,56	0,43531	0,447829	0,251239	0,486418	0,534605	0,414116	0,417947	0,412753	0,767173	0,391278	0,417142	0,492712	0,493415	0,587936	0,397167	0,560391	0,444576	0,403055	0,218857	0,448176	0,33337	0,572656	0,530164	0,593696	0	0	1
0,56	0,551122	0,549526	0,580539	0,407662	0,372691	0,448844	0,483149	0,445742	0,346821	0,369234	0,436473	0,426284	0,457801	0,493101	0,409755	0,467855	0,421237	0,445259	0,271728	0,492099	0,405981	0,441175	0,422061	0,691593	0	0	1
0,56	0,564222	0,553318	0,523986	0,415483	0,417804	0,456984	0,461263	0,463747	0,431598	0,471658	0,471521	0,506676	0,564735	0,571899	0,40808	0,456584	0,421237	0,547099	0,317666	0,400493	0,556261	0,49456	0,513173	0,496435	0	0	1
0,56	0,603224	0,577649	0,483046	0,455735	0,506676	0,436887	0,443179	0,443225	0,496768	0,484353	0,474266	0,442642	0,484545	0,461384	0,376997	0,452482	0,395545	0,493319	0,301543	0	0,484619	0,49456	0,513173	0,496435	0	0	1
0,56	0,530142	0,536534	0,512731	0,409792	0,413158	0,454357	0,455701	0,457714	0,44055	0,475126	0,478512	0,460193	0,535083	0,520054	0,420251	0,492382	0,425387	0,460271	0,310567	0,359163	0,446938	0,49456	0,513173	0,496435	0	0	1
0,56	0,496576	0,478839	0,313196	0,51018	0,593768	0,4123	0,429047	0,420631	0,357164	0,431582	0,415357	0,46494	0,458078	0,535753	0,438958	0,441905	0,448257	0,486408	0,297477	0,443179	0,407873	0,49456	0,513173	0,496435	0	0	1
0,56	0,454295	0,453523	0,346999	0,437359	0,259379	0,434762	0,457933	0,44615	0,336136	0,456107	0,466023	0,544311	0,469086	0,455385	0,387304	0,49165	0,40777	0,417033	0,309236	0,491772	0,407873	0,441175	0,422061	0,691593	0	0	1
0,56	0,509316	0,469271	0,458275	0,5691	0,655205	0,417687	0,430676	0,423022	0,298827	0,446456	0,431421	0,549022	0,492271	0,553608	0,414571	0,462936	0,464246	0,49512	0,312883	0,449206	0,438128	0,49456	0,513173	0,496435	0	1	0
0,56	0,483904	0,483386	0,453583	0,445695	0,434281	0,434589	0,449581	0,44744	0,34605	0,445046	0,442353	0,480837	0,504267	0,547767	0,464748	0,470851	0,448071	0,487942	0,305906	0,418537	0,404062	0,49456	0,513173	0,496435	0	1	0
0,56	0,508434	0,515347	0,479259	0,367239	0,272704	0,54008	0,550937	0,553449	0,444702	0,420651	0,438182	0,507869	0,561837	0,643402	0,439853	0,457529	0,43082	0,466004	0,303994	0,454577	0,413395	0,49456	0,513173	0,496435	0	1	0
0,56	0,521253	0,501563	0,531835	0,467879	0,539192	0,446015	0,447268	0,449859	0,358348	0,515397	0,491769	0,493325	0,532114	0,493101	0,410813	0,503588	0,469203	0,44103	0,317766	0,363633	0,445506	0,49456	0,513173	0,496435	0	1	0
0,56	0,47564	0,489229	0,43821	0,466001	0,447511	0,437715	0,436233	0,441306	0,452196	0,449947	0,468049	0,46011	0,470899	0,455385	0,411856	0,489853	0,394184	0,51824	0,33168	0,442588	0,502564	0,49456	0,513173	0,496435	0	1	0
0,56	0,558806	0,548563	0,55512	0,434667	0,464435	0,38076	0,397585	0,381439	0,265077	0,328023	0,342533	0,332796	0,338333	0,49486	0,468119	0,431769	0,45867	0,756675	0,264547	0	0,430354	0,49456	0,513173	0,496435	0	1	0
0,56	0,579681	0,554253	0,331806	0,48865	0,537898	0,462651	0,460958	0,469117	0,407527	0,421044	0,434302	0,532783	0,553911	0,641158	0,397724	0,469134	0,409637	0,444129	0,341013	0	0,373737	0,49456	0,513173	0,496435	0	1	0
0,56	0,481874	0,531236	0,443573	0,367147	0,216141	0,509548	0,511331	0,51419	0,269725	0,318725	0,372359	0,472888	0,472694	0,672467	0,532453	0,45374	0,401457	0,465421	0,294927	0	0,349437	0,49456	0,513173	0,496435	0	1	0
0,56	0,484911	0,470913	0,490282	0,390179	0,316737	0,452808	0,459517	0,457312	0,337373	0,383725	0,417394	0,457005	0,483105	0,570527	0,40587	0,473289	0,444576	0,510253	0,305906	0	0,442599	0,49456	0,513173	0,496435	0	1	0
0,56	0,534826	0,511713	0,509758	0,426873	0,383014	0,435793	0,449643	0,450994	0,271831	0,37271	0,386886	0,435416	0,446328	0,583997	0,40735	0,474285	0,41995	0,453043	0,344527	0,431871	0,352396	0,44964	0,457277	0,410606	0	1	0
0,56	0,47564	0,441875	0,398775	0,55432	0,589439	0,412564	0,432095	0,42751	0,329104	0,44202	0,421121	0,516839	0,462996	0,531127	0,420663	0,465531	0,463897	0,478378	0,30709	0,421027	0,436606	0,49456	0,513173	0,496435	0	1	0
0,56	0,476694	0,474138	0,467123	0,426165	0,387267	0,388743	0,426831	0,408087	0,192122	0,268555	0,282083	0,309744	0,320567	0,641158	0,436295	0,494398	0,443593	0,460955	0,241603	0,596504	0,310349	0,49456	0,513173	0,496435	1	0	0
0,56	0,436646	0,439828	0,500397	0,528802	0,402944	0,383414	0,389472	0,381713	0,269593	0,360267	0,358988	0,43127	0,335226	0,467252	0,391952	0,526002	0,443196	0,555259	0,221242	0	0,441124	0,557227	0,35625	0,432002	1	0	0
0,56	0,514523	0,439828	0,458275	0,545806	0,577767	0,401799	0,388387	0,398671	0,133058	0,250703	0,321999	0,505538	0,467517	0,84701	0,481748	0,439351	0,513363	0,469446	0,203961	0,471878	0,310349	0,622882	0,592086	0,84495	1	0	0
0,56	0,511938	0,48487	0,55934	0,412643	0,464761	0,476504	0,456855	0,463444	0,44286	0,584162	0,631966	0,504329	0,595702	0,37499	0,414571	0,45835	0,482969	0,404062	0,328285	0,484812	0,535218	0,622882	0,592086	0,84495	1	0	0
0,56	0,487898	0,516539	0,493746	0,509822	0,502641	0,464166	0,424714	0,379194	0,334219	0,21257	0,336178	0,351284	0,319858	0,472996	0,407837	0,538915	0,371534	0,499266	0,382366	0,52352	0,336772	0,300007	0,305678	0,432002	1	0	0
0,56	0,450668	0,458981	0,331806	0,490326	0,446621	0,442737	0,461868	0,450392	0,373069	0,334762	0,35942	0,372926	0,344916	0,467252	0,399236	0,516714	0,385652	0,500987	0,394471	0,502492	0,363539	0,300007	0,305678	0,432002	1	0	0
0,56	0,419827	0,445875	0,420329	0,557428	0,673478	0,418514	0,450736	0,432392	0,373069	0,379247	0,374985	0,38301	0,346656	0,438688	0,442169	0,481578	0,403749	0,446721	0,391115	0,464385	0,33337	0,300007	0,305678	0,432002	1	0	0
0,56	0,473513	0,490653	0,406474	0,52231	0,584521	0,415623	0,458993	0,439778	0,304668	0,341836	0,333961	0,373532	0,333962	0,506885	0,439691	0,483387	0,397402	0,495236	0,391052	0,495923	0,329859	0,300007	0,305678	0,432002	1	0	0
0,56	0,439286	0,422132	0,413632	0,52204	0,570485	0,454964	0,46106	0,450316	0,298091	0,390377	0,437543	0,481057	0,444539	0,471095	0,413225	0,466352	0,424002	0,422453	0,439609	0,416928	0,371266	0,300007	0,305678	0,432002	1	0	0
0,64	0,617819	0,567658	0,55512	0,401788	0,420461	0,468825	0,469726	0,475459	0,560627	0,580086	0,536729	0,461681	0,543565	0,436523	0,399913	0,454097	0,430899	0,500323	0,294039	0,471917	0,575141	0,49456	0,513173	0,496435	0	0	1
0,64	0,506658	0,517721	0,51848	0,386918	0,355861	0,462809	0,478852	0,470698	0,55053	0,456275	0,487782	0,400417	0,465138	0,41615	0,410462	0,483056	0,416426	0,514903	0,275728	0,471455	0,552544	0,49456	0,513173	0,496435	0	0	1
0,64	0,505764	0,515347	0,448689	0,452702	0,429286	0,475745	0,477223	0,482951	0,621412	0,53211	0,520821	0,554497	0,582978	0,505197	0,411162	0,466538	0,411559	0,511227	0,327573	0	0,566288	0,49456	0,513173	0,496435	0	0	1
0,64	0,502143	0,506726	0,490282	0,458995	0,528184	0,453433	0,453786	0,460457	0,483311	0,572657	0,528826	0,505982	0,558406	0,46531	0,408802	0,46688	0,416426	0,516337	0,297968	0,400201	0,586759	0,49456	0,513173	0,496435	0	0	1
0,64	0,538647	0,50924	0,503595	0,449489	0,514996	0,474154	0,478814	0,481973	0,470549	0,517541	0,504116	0,473272	0,540896	0,482313	0,416221	0,458541	0,440213	0,465055	0,311741	0	0,483499	0,49456	0,513173	0,496435	0	0	1
0,64	0,538647	0,539629	0,557246	0,439929	0,426433	0,434415	0,44074	0,44104	0,600364	0,527638	0,460637	0,446766	0,468042	0,463354	0,367081	0,471615	0,397402	0,536378	0,273629	0,502342	0,562769	0,49456	0,513173	0,496435	0	0	1
0,64	0,483904	0,506726	0,52927	0,479232	0,532002	0,470932	0,487614	0,477947	0,392841	0,505115	0,487347	0,522579	0,543211	0,513542	0,443031	0,4333	0,438673	0,480143	0,288443	0,572352	0,489023	0,49456	0,513173	0,496435	0	0	1
0,64	0,415327	0,441875	0,398775	0,415151	0,418382	0,444436	0,470079	0,456362	0,378986	0,46195	0,451636	0,42399	0,475227	0,487758	0,50249	0,506981	0,461922	0,451165	0,283813	0,447705	0,423815	0,557227	0,35625	0,432002	0	0	1
0,64	0,550409	0,52575	0,398775	0,363209	0,310282	0,460163	0,468204	0,468002	0,507798	0,490621	0,486766	0,444764	0,513721	0,478624	0,392995	0,453157	0,413324	0,468879	0,299873	0,441097	0,485731	0,49456	0,513173	0,496435	0	0	1
0,64	0,582153	0,533377	0,594218	0,449694	0,532303	0,426244	0,43348	0,424837	0,54245	0,528152	0,527522	0,458103	0,505768	0,408965	0,363357	0,464201	0,456658	0,443428	0,315076	0,535591	0,478939	0,529321	0,33718	0,593696	0	0	1
0,64	0,586411	0,538604	0,471308	0,376058	0,33828	0,52154	0,519488	0,519834	0,368245	0,461124	0,489648	0,506045	0,585028	0,563583	0,402561	0,425452	0,434219	0,449591	0,315501	0,432034	0,431943	0,49456	0,513173	0,496435	0	1	0
0,64	0,5229	0,487791	0,462784	0,517203	0,613946	0,427842	0,434676	0,433012	0,449738	0,530202	0,490075	0,5235	0,525655	0,487758	0,426029	0,429551	0,456988	0,468095	0,29313	0	0,465672	0,49456	0,513173	0,496435	0	1	0
0,64	0,532498	0,515347	0,420329	0,433122	0,461494	0,431274	0,434041	0,437359	0,463539	0,483141	0,469879	0,437639	0,487862	0,472996	0,414793	0,44961	0,431294	0,486284	0,297642	0,484466	0,478939	0,49456	0,513173	0,496435	0	1	0
0,64	0,441884	0,472535	0,313196	0,605996	0,678347	0,455206	0,472494	0,461845	0,315174	0,474656	0,468216	0,594832	0,594448	0,620327	0,722911	0,425503	0,449968	0,52145	0,287604	0,463564	0,501561	0,49456	0,513173	0,496435	0	1	0
0,64	0,444441	0,441875	0,420329	0,485683	0,529794	0,42968	0,430337	0,429733	0,62235	0,548858	0,52365	0,499408	0,515354	0,425411	0,38182	0,50538	0,422231	0,456554	0,287476	0,532006	0,500552	0,44964	0,457277	0,410606	0	1	0
0,64	0,47982	0,523499	0,497116	0,499691	0,525158	0,442436	0,458147	0,445412	0,305031	0,391503	0,414325	0,496092	0,482139	0,586628	0,70594	0,432492	0,443527	0,468808	0,31243	0,408966	0,389789	0,49456	0,513173	0,496435	0	1	0
0,64	0,478784	0,437747	0,398775	0,424791	0,330749	0,475703	0,481332	0,481883	0,413567	0,452704	0,468049	0,530257	0,524687	0,524849	0,386012	0,4869	0,42078	0,452719	0,305906	0,639907	0,438128	0,557227	0,489335	0,64801	0	1	0
0,64	0,351502	0,395647	0,420329	0	0	0,448979	0,407253	0,404208	0,531862	0,635297	0,761417	0,464536	0,548802	0,242402	0,436464	0,462273	0,400964	0,527697	0,283813	0,536571	0,9	0,622882	0,592086	0,84495	0	1	0
0,64	0,546806	0,494842	0,471308	0,452017	0,424371	0,440984	0,450009	0,450392	0,460946	0,520859	0,490358	0,509241	0,509156	0,467252	0,367294	0,467517	0,424002	0,476121	0,319147	0,455595	0,497487	0,49456	0,513173	0,496435	0	1	0
0,64	0,502143	0,501563	0,443573	0,4493	0,442829	0,402283	0,407509	0,376539	0,336024	0,353598	0,429841	0,394341	0,407365	0,432137	0,431684	0,456584	0,425044	0,522394	0,286961	0,56192	0,428748	0,49456	0,513173	0,496435	0	1	0
0,64	0,52935	0,451652	0,398775	0,455249	0,512437	0,426749	0,428259	0,4326	0,571975	0,565384	0,515228	0,462993	0,477974	0,393907	0,354206	0,45665	0,438034	0,470291	0,328831	0,499911	0,505537	0,49456	0,513173	0,496435	0	1	0
0,64	0,445705	0,467609	0,313196	0,473415	0,528688	0,414497	0,407763	0,386642	0,32497	0,343849	0,455017	0,466385	0,485023	0,496609	0,421175	0,491517	0,409962	0,508075	0,256275	0,65626	0,416956	0,572656	0,530164	0,593696	0	1	0
0,64	0,526956	0,517721	0,483046	0,34107	0,221414	0,500913	0,500379	0,498195	0,360921	0,417088	0,46046	0,524814	0,559883	0,589239	0,42428	0,460462	0,425814	0,490838	0,317766	0,406585	0,471842	0,49456	0,513173	0,496435	1	0	0
0,64	0,444441	0,490653	0,420329	0,525333	0,609424	0,419673	0,433802	0,424837	0,520956	0,556419	0,506282	0,497559	0,487156	0,41615	0,628298	0,441439	0,434445	0,493202	0,299562	0,525856	0,518759	0,49456	0,513173	0,496435	1	0	0
0,64	0,404282	0,409625	0,398775	0,459426	0,436427	0,442661	0,451927	0,448857	0,386671	0,613753	0,53826	0,480251	0,484545	0,372151	0,514307	0,508543	0,492516	0,506867	0,330428	0,459838	0,585502	0,49456	0,513173	0,496435	1	0	0
0,64	0,431234	0,443891	0,493746	0,422213	0,389081	0,447275	0,455867	0,451887	0,393142	0,600565	0,53642	0,43983	0,469346	0,360406	0,535068	0,420502	0,5082	0,517706	0,342061	0,456911	0,595337	0,49456	0,513173	0,496435	1	0	0
0,64	0,477742	0,481887	0,483046	0,472956	0,556142	0,431825	0,438493	0,439137	0,443137	0,579005	0,530655	0,487161	0,506621	0,406521	0,428767	0,471562	0,424612	0,454971	0,361065	0,528867	0,49118	0,44964	0,457277	0,410606	1	0	0
0,64	0,47564	0,521214	0,493746	0,351328	0,266242	0,500942	0,519676	0,507361	0,394247	0,4539	0,461521	0,478774	0,546374	0,567767	0,630427	0,43511	0,444446	0,472932	0,339697	0,348509	0,441124	0,49456	0,513173	0,496435	1	0	0
0,64	0,485912	0,467609	0,467123	0,391906	0,243405	0,435622	0,442974	0,439229	0,34627	0,414074	0,428239	0,518321	0,487156	0,552157	0,404615	0,459003	0,430024	0,439221	0,323215	0,490391	0,380868	0,441175	0,422061	0,691593	1	0	0
0,64	0,495632	0,505452	0,453583	0,401832	0,394014	0,468009	0,522688	0,484044	0,419927	0,363903	0,374241	0,316031	0,351185	0,44717	0,398826	0,483432	0,393631	0,507078	0,387028	0,564193	0,387617	0,300007	0,305678	0,432002	1	0	0
0,64	0,490837	0,501563	0,526654	0,483958	0,518261	0,467622	0,488114	0,476348	0,397048	0,448382	0,457949	0,474113	0,474471	0,47676	0,413112	0,50425	0,41554	0,456554	0,454692	0,468408	0,430354	0,300007	0,305678	0,432002	1	0	0
0,64	0,460173	0,464224	0,462784	0,477373	0,538794	0,517507	0,525038	0,523641	0,313046	0,461289	0,470373	0,524301	0,550519	0,555052	0,561343	0,432955	0,465724	0,423924	0,482762	0,450641	0,405981	0,300007	0,305678	0,432002	1	0	0
0,64	0,472439	0,453523	0,346999	0,47648	0,387267	0,452871	0,477145	0,468729	0,320099	0,368481	0,379694	0,43629	0,39107	0,505197	0,371219	0,534793	0,388577	0,470992	0,389493	0,466895	0,360849	0,300007	0,305678	0,432002	1	0	0
0,64	0,565554	0,605887	0,666128	0,361375	0,325133	0,476378	0,479006	0,452108	0,394648	0,426661	0,517702	0,361493	0,430475	0,341448	0,426029	0,449953	0,388877	0,527108	0,871114	0,543091	0,586759	0,56761	0,530164	0,325486	1	0	0
0,64	0,489863	0,501563	0,47535	0,626264	0,697706	0,418514	0,414457	0,409054	0,301027	0,360267	0,415357	0,497227	0,405086	0,455385	0,435103	0,525163	0,387668	0,448081	0,458679	0,427039	0,376159	0,300007	0,305678	0,432002	1	0	0
0,64	0,481874	0,500244	0,420329	0,354167	0,219212	0,9	0,9	0,9	0,300661	0,418083	0,476955	0,504521	0,528149	0,513542	0,488459	0,512732	0,381242	0,49285	0,781967	0,453549	0,49331	0,56761	0,530164	0,325486	1	0	0
0,6	0,589403	0,547595	0,526654	0,235894	0,092125	0,484974	0,464278	0,469667	0,441383	0,383024	0,451063	0,475026	0,549834	0,59568	0,389199	0,450919	0,424264	0,491433	0,300182	0,507562	0,405981	0,49456	0,513173	0,496435	0	0	1
0,6	0,622997	0,598892	0,642798	0,418272	0,445508	0,431642	0,43267	0,432703	0,491828	0,454411	0,45939	0,406951	0,458355	0,453355	0,368974	0,466624	0,41701	0,472242	0,29545	0,451329	0,44406	0,49456	0,513173	0,496435	0	0	1
0,6	0,623509	0,515347	0,483046	0,312294	0,22728	0,470098	0,473751	0,479784	0,496853	0,53287	0,506787	0,465825	0,55273	0,493101	0,352638	0,473886	0,438602	0,502795	0,289265	0	0,55404	0,49456	0,513173	0,496435	0	0	1
0,6	0,540155	0,516539	0,448689	0,443461	0,435185	0,471161	0,472155	0,476053	0,514945	0,495009	0,490925	0,589639	0,638607	0,629731	0,402821	0,43709	0,42409	0,455924	0,315501	0,417177	0,452532	0,49456	0,513173	0,496435	0	0	1
0,6	0,495632	0,518895	0,541632	0,439041	0,505437	0,454479	0,458253	0,461407	0,624223	0,601777	0,541476	0,467897	0,530236	0,41615	0,406491	0,451942	0,418733	0,516533	0,307733	0,384816	0,597721	0,49456	0,513173	0,496435	0	0	1
0,6	0,532498	0,550482	0,543974	0,432686	0,422419	0,44958	0,448716	0,454908	0,564041	0,467981	0,463791	0,528144	0,563934	0,587936	0,42886	0,488545	0,422856	0,46564	0,315289	0,437539	0,464407	0,49456	0,513173	0,496435	0	0	1
0,6	0,546806	0,515347	0,471308	0,431861	0,369087	0,485554	0,484672	0,492393	0,483744	0,578029	0,532144	0,575634	0,620329	0,529569	0,362905	0,460556	0,408545	0,539531	0,303854	0,466534	0,631458	0,49456	0,513173	0,496435	0	0	1
0,6	0,568193	0,553318	0,512731	0,435784	0,466822	0,483349	0,487648	0,492997	0,485213	0,586709	0,546368	0,569153	0,630242	0,516816	0,396181	0,473653	0,420963	0,519399	0,295102	0,306963	0,612005	0,49456	0,513173	0,496435	0	1	0
0,6	0,496576	0,48487	0,483046	0,501109	0,314548	0,497406	0,380289	0,31755	0,292652	0,206083	0,677746	0,735485	0,566963	0,312959	0,431505	0,432562	0,440627	0,482074	0,365669	0,626159	0,358098	0,49456	0,513173	0,496435	0	1	0
0,6	0,463606	0,478839	0,479259	0,4834	0,543459	0,41898	0,419098	0,419724	0,443782	0,493846	0,490925	0,49656	0,510412	0,467252	0,417516	0,446765	0,418922	0,475517	0,298932	0,442785	0,449761	0,49456	0,513173	0,496435	0	1	0
0,6	0,562207	0,501563	0,313196	0,396764	0,342856	0,449911	0,473876	0,461407	0,366662	0,40792	0,431421	0,447218	0,475981	0,529569	0,391802	0,465705	0,428894	0,472932	0,300792	0,485295	0,427123	0,49456	0,513173	0,496435	0	1	0
0,6	0,558806	0,571894	0,645169	0,44731	0,473513	0,45454	0,448716	0,44744	0,655532	0,477774	0,540278	0,492028	0,544799	0,43434	0,388099	0,47685	0,431294	0,513856	0,288235	0	0,591707	0,49456	0,513173	0,496435	0	1	0
0,6	0,522078	0,497568	0,592575	0,437052	0,386297	0,418043	0,399987	0,389521	0,322077	0,372463	0,475854	0,446676	0,445137	0,408965	0,342969	0,501385	0,470082	0,491017	0,268567	0,568377	0,484619	0,540847	0,572392	0,9	0	1	0
0,6	0,441884	0,480371	0,486717	0,472786	0,481957	0,438368	0,441868	0,438208	0,44461	0,615304	0,555071	0,467103	0,476731	0,347965	0,542739	0,473132	0,438319	0,518483	0,311158	0,445416	0,611452	0,49456	0,513173	0,496435	0	1	0
0,6	0,531716	0,395647	0,497116	0,46151	0,51428	0,428624	0,426922	0,433726	0,28321	0,471499	0,456124	0,452362	0,481411	0,48955	0,39417	0,400959	0,43437	0,491848	0,336427	0,43429	0,468169	0,49456	0,513173	0,496435	1	0	0
0,6	0,542397	0,552379	0,458275	0,393677	0,341943	0,455983	0,454976	0,464348	0,285243	0,348648	0,385553	0,445404	0,489266	0,664081	0,43638	0,476252	0,41363	0,429819	0,305369	0	0,33337	0,49456	0,513173	0,496435	1	0	0
0,6	0,471359	0,47729	0,390433	0,536043	0,602558	0,393166	0,401577	0,406937	0,404778	0,500608	0,414584	0,417215	0,3948	0,440835	0,388886	0,494329	0,38039	0,488003	0,301244	0,395789	0,423815	0,497935	0,382629	0,432002	1	0	0
0,6	0,534053	0,545641	0,432572	0,391882	0,327413	0,443924	0,443655	0,450919	0,300661	0,348648	0,386886	0,443937	0,483346	0,648953	0,43638	0,483818	0,410712	0,432171	0,313442	0	0,329859	0,49456	0,513173	0,496435	1	0	0
0,6	0,459014	0,453523	0,420329	0,453283	0,357895	0,472116	0,469193	0,465708	0,187185	0,250187	0,321999	0,325625	0,297198	0,461384	0,384198	0,542524	0,396081	0,507813	0,398891	0,49288	0,326232	0,300007	0,305678	0,432002	1	0	0
0,6	0,464735	0,455367	0,390433	0,521449	0,481531	0,430436	0,436692	0,440142	0,221552	0,300291	0,340984	0,378575	0,324739	0,472996	0,390741	0,538186	0,385809	0,461334	0,393437	0,476071	0,310349	0,300007	0,305678	0,432002	1	0	0
0,6	0,451885	0,457186	0,381315	0,538637	0,441374	0,445517	0,412509	0,394829	0,183724	0,205338	0,375723	0,450165	0,369394	0,47676	0,40735	0,535328	0,38158	0,435891	0,420544	0,437332	0,322479	0,300007	0,305678	0,432002	1	0	0
0,6	0,47458	0,489229	0,490282	0,597794	0,675306	0,412564	0,405823	0,406436	0,159755	0,24545	0,321358	0,451925	0,382428	0,650054	0,47999	0,454402	0,439167	0,414333	0,433003	0,429454	0,253659	0,300007	0,305678	0,432002	1	0	0
0,68	0,493729	0,512934	0,313196	0,400392	0,396168	0,467913	0,480516	0,475359	0,465588	0,581057	0,527194	0,48546	0,554751	0,463354	0,490831	0,462996	0,425729	0,514754	0,300792	0	0,587384	0,49456	0,513173	0,496435	0	0	1
0,68	0,472439	0,480371	0,462784	0,47602	0,478013	0,539691	0,443384	0,446313	0,595018	0,558048	0,820947	0,847954	0,9	0,418498	0,365572	0,506914	0,393908	0,499489	0,31159	0,572515	0,562769	0,51413	0,457277	0,410606	0	0	1
0,68	0,477742	0,449755	0,331806	0,510483	0,616888	0,447136	0,454976	0,452693	0,424128	0,589131	0,541576	0,525326	0,570728	0,459399	0,416221	0,415898	0,441244	0,507865	0,337139	0,452784	0,581038	0,49456	0,513173	0,496435	0	0	1
0,68	0,494683	0,469271	0,381315	0,403058	0,35023	0,458482	0,462467	0,457446	0,396349	0,462609	0,604521	0,534683	0,554415	0,49486	0,440499	0,471254	0,430741	0,479818	0,224424	0,539175	0,455253	0,572656	0,530164	0,593696	0	1	0
0,68	0,489863	0,48487	0,390433	0,438691	0,449508	0,430903	0,446434	0,438208	0,350875	0,440222	0,4539	0,474418	0,512486	0,535753	0,451962	0,464979	0,438247	0,474367	0,297642	0,538763	0,449761	0,49456	0,513173	0,496435	0	1	0
0,68	0,496576	0,526863	0,471308	0,426661	0,427004	0,450437	0,466737	0,456907	0,871508	0,511876	0,523314	0,491685	0,538916	0,45131	0,351573	0,591275	0,420689	0,489036	0,301394	0,495224	0,505537	0,49456	0,513173	0,496435	0	1	0
0,68	0,509316	0,494842	0,331806	0,424988	0,456898	0,42553	0,431097	0,424599	0,525941	0,458795	0,468049	0,423674	0,47573	0,461384	0,410227	0,497375	0,425215	0,457728	0,251097	0,578927	0,441124	0,572656	0,530164	0,593696	0	1	0
0,68	0,483904	0,433481	0,331806	0,467184	0,508223	0,439731	0,462764	0,445987	0,446263	0,431207	0,446388	0,482223	0,508736	0,54629	0,375879	0,52282	0,435858	0,502958	0,286961	0,463934	0,461847	0,557227	0,35625	0,432002	0	1	0
0,68	0,461325	0,497568	0,512731	0,576435	0,523945	0,398798	0,384595	0,375928	0,221248	0,290423	0,377547	0,478923	0,384197	0,498347	0,43222	0,531753	0,40777	0,569415	0,272691	0,59615	0,489023	0,557227	0,35625	0,432002	0	1	0
0,68	0,541652	0,523499	0,448689	0,291702	0,179273	0,535803	0,536733	0,54446	0,437488	0,613656	0,564686	0,550815	0,663375	0,523259	0,408321	0,468261	0,428975	0,49018	0,34303	0,27352	0,588629	0,49456	0,513173	0,496435	0	1	0
0,68	0,570152	0,6052	0,68288	0,340869	0,252093	0,538446	0,450131	0,457042	0,448003	0,497176	0,725033	0,665209	0,769548	0,418498	0,431145	0,465081	0,413221	0,47389	0,370098	0,485019	0,513218	0,49456	0,513173	0,496435	0	1	0
0,68	0,437972	0,47729	0,509758	0,480827	0,507605	0,464629	0,462417	0,465532	0,448917	0,490179	0,499812	0,51305	0,531552	0,478624	0,433805	0,488353	0,413324	0,493319	0,321505	0,431217	0,497487	0,49456	0,513173	0,496435	0	1	0
0,68	0,432605	0,460751	0,406474	0,448699	0,437554	0,437303	0,441377	0,441218	0,438603	0,662117	0,573911	0,466944	0,485023	0,334712	0,56484	0,488076	0,44644	0,489278	0,317966	0,47469	0,59949	0,49456	0,513173	0,496435	0	1	0
0,68	0,543877	0,542663	0,546276	0,492984	0,57327	0,414243	0,42665	0,430705	0,437395	0,466851	0,408748	0,409296	0,419687	0,48955	0,427833	0,448845	0,432849	0,451494	0,273936	0,608524	0,413395	0,49456	0,513173	0,496435	1	0	0
0,68	0,472439	0,451652	0,521262	0,374844	0,365714	0,481911	0,458094	0,456156	0,239733	0,444869	0,553975	0,521654	0,574888	0,44717	0,460925	0,453825	0,469621	0,386044	0,313107	0,335535	0,436606	0,622882	0,592086	0,84495	1	0	0
0,68	0,472439	0,475723	0,448689	0,44037	0,462258	0,443408	0,445979	0,449935	0,554145	0,53388	0,511376	0,479292	0,525462	0,453355	0,397585	0,496603	0,411874	0,454652	0,340954	0,545881	0,484619	0,44964	0,457277	0,410606	1	0	0
0,68	0,520425	0,518895	0,506714	0,469668	0,527681	0,429107	0,430845	0,428633	0,461304	0,464576	0,479437	0,495489	0,525462	0,505197	0,425256	0,452517	0,433841	0,431197	0,305057	0,474877	0,422132	0,436812	0,535676	0,410606	1	0	0
0,68	0,511068	0,458981	0,561403	0,339328	0,246268	0,496202	0,474943	0,480062	0,365497	0,480242	0,54355	0,513111	0,577618	0,463354	0,392699	0,42386	0,657586	0,492084	0,335769	0,476034	0,498515	0,49456	0,513173	0,496435	1	0	0
0,68	0,491806	0,462499	0,390433	0,397591	0,290993	0,503184	0,505195	0,511163	0,532347	0,581272	0,548567	0,611776	0,63546	0,518439	0,381474	0,470066	0,412499	0,462612	0,403489	0,492977	0,547981	0,535149	0,48314	0,432002	1	0	0
0,68	0,468078	0,496211	0,51848	0,460673	0,536303	0,441292	0,452045	0,451591	0,606998	0,624557	0,563656	0,518792	0,540717	0,399035	0,414237	0,496527	0,430899	0,403686	0,373837	0,461653	0,470627	0,629103	0,655225	0,539577	1	0	0
0,68	0,456671	0,48487	0,432572	0,364759	0,297977	0,457968	0,46306	0,464765	0,358992	0,45543	0,45921	0,4242	0,481896	0,48414	0,514762	0,433254	0,439307	0,482329	0,3308	0,485777	0,448356	0,49456	0,513173	0,496435	1	0	0
0,68	0,468078	0,457186	0,398775	0,459964	0,469743	0,42279	0,446498	0,442621	0,423081	0,456613	0,412496	0,421766	0,428836	0,496609	0,411741	0,489978	0,425899	0,465421	0,320951	0,546878	0,389789	0,44964	0,457277	0,410606	1	0	0
0,68	0,416841	0,464224	0,453583	0,55805	0,604047	0,397931	0,423	0,410781	0,351421	0,34753	0,302794	0,362815	0,330745	0,590537	0,9	0,373922	0,423915	0,626833	0,284279	0,731987	0,387617	0,535149	0,48314	0,432002	1	0	0
0,68	0,502143	0,526863	0,599039	0,29113	0,138062	0,58939	0,594979	0,597437	0,265745	0,433447	0,456674	0,467023	0,503188	0,518439	0,431684	0,490072	0,430503	0,499545	0,47688	0,439737	0,476608	0,300007	0,305678	0,432002	1	0	0
0,68	0,445705	0,458981	0,413632	0,465591	0,50647	0,495283	0,497042	0,497111	0,372024	0,536014	0,518865	0,561283	0,580314	0,505197	0,563235	0,458573	0,440489	0,433712	0,493752	0,448551	0,465672	0,300007	0,305678	0,432002	1	0	0
0,68	0,421299	0,439828	0,43821	0,53455	0,634098	0,460932	0,471384	0,464288	0,339501	0,427234	0,436257	0,485673	0,473965	0,516816	0,572812	0,452552	0,452985	0,448839	0,46355	0,474952	0,398134	0,300007	0,305678	0,432002	1	0	0
0,68	0,512803	0,48487	0,432572	0,485738	0,500981	0,436804	0,471814	0,449629	0,29723	0,345273	0,363228	0,337544	0,329435	0,432137	0,362222	0,51701	0,377219	0,544994	0,383034	0,498771	0,407873	0,300007	0,305678	0,432002	1	0	0
0,68	0,448205	0,447829	0,381315	0,495141	0,436991	0,443777	0,481663	0,443822	0,414728	0,30959	0,352271	0,439357	0,372289	0,535753	0,425933	0,506931	0,414542	0,520928	0,419226	0,491248	0,373737	0,300007	0,305678	0,432002	1	0	0
