20
15 1
1 0
1 0
0 0
0 1
1 1
0 1
0 0
1
1
1
0
1
1
0
0
3 0
0 1
0
1
27 0
1 1
1 1
0 1
1 1
1 0
0 1
1 1
0 0
1 1
1 0
1 0
0 0
0 1
1
1
0
1
1
1
1
1
1
1
1
0
1
1
29 1
1 0
1 0
0 1
1 0
1 0
0 1
1 0
1 1
0 0
0 1
1 0
1 1
1 0
1 0
1
1
0
1
1
1
1
1
1
0
0
1
0
1
1
13 1
1 0
1 1
1 1
1 1
1 1
1 1
0
1
0
1
0
1
0
5 1
1 1
0 0
0
0
0
5 1
0 1
0 0
1
1
0
25 1
1 0
1 0
1 0
1 0
1 1
0 0
1 1
1 1
1 1
1 1
1 1
1 1
0
0
1
1
0
0
1
0
1
1
0
1
0
29 1
0 0
0 0
0 0
0 1
0 0
1 0
1 1
1 0
0 0
1 0
1 1
1 1
1 1
1 1
0
1
0
0
0
0
1
0
0
1
0
1
0
0
1
19 0
0 0
0 1
0 0
0 0
0 0
1 0
0 1
0 1
0 1
0
1
1
1
1
0
1
0
0
1
23 1
0 1
1 0
0 1
1 1
0 1
1 1
1 1
1 1
1 0
1 0
1 1
1
0
1
0
1
0
1
1
1
1
1
0
11 0
1 1
1 1
0 1
0 1
0 1
1
1
0
1
0
1
19 1
1 1
0 1
1 1
1 1
1 1
1 1
1 1
0 1
0 0
0
0
0
0
0
0
0
0
0
0
7 1
1 0
1 1
1 1
1
0
0
1
27 1
1 0
1 0
1 0
1 0
1 1
0 0
0 1
1 1
1 1
1 1
1 1
1 1
0 1
1
1
0
1
1
0
1
0
0
1
0
1
0
0
7 1
0 1
1 0
1 1
1
1
0
0
21 1
0 0
1 1
0 0
1 0
1 0
0 1
1 1
1 1
1 1
0 1
1
0
0
0
0
0
1
0
1
0
0
5 1
0 0
1 1
0
0
1
7 1
1 0
1 1
0 0
1
0
0
0
29 0
0 0
0 0
0 0
0 1
0 1
0 1
0 1
0 1
0 1
0 1
0 0
0 1
0 1
0 1
1
1
0
1
0
1
0
1
0
0
1
0
1
1
0
