20
7 1
1 1
1 1
0 0
0
0
0
0
25 1
1 0
1 1
1 0
1 0
1 1
1 1
1 1
1 1
1 1
0 0
1 1
1 1
0
0
1
1
0
0
1
0
0
0
1
1
0
23 1
0 0
1 0
0 1
0 1
1 0
1 1
1 1
0 1
1 0
1 0
0 1
1
0
1
0
1
1
1
1
1
1
0
1
25 0
1 0
0 0
1 0
0 0
0 1
1 0
0 0
0 1
0 1
1 0
0 1
0 1
1
0
1
1
0
1
0
1
1
0
1
1
1
21 0
1 0
0 0
0 1
1 1
0 0
0 0
0 1
1 1
1 0
0 1
0
1
0
1
1
1
1
1
1
0
1
29 1
0 0
1 1
0 0
1 0
1 1
0 1
0 0
1 0
0 0
1 1
1 1
0 1
1 0
0 0
0
1
0
0
1
1
0
0
0
0
0
1
0
0
0
5 0
0 0
1 1
0
0
1
11 1
0 1
1 0
1 0
1 0
1 0
0
1
1
1
1
1
23 1
0 0
0 1
0 1
1 0
0 1
0 1
1 1
1 1
1 1
1 0
1 0
0
0
0
0
0
0
1
0
1
0
1
0
21 0
1 0
1 0
1 1
0 0
0 0
0 0
1 1
1 0
0 0
1 0
0
0
0
0
0
1
0
0
0
0
0
13 0
0 0
0 1
0 1
1 0
0 1
0 1
1
1
1
0
1
1
0
23 1
1 0
1 0
1 0
1 1
1 0
1 1
1 1
1 1
1 1
1 1
1 1
0
1
0
0
0
1
1
0
1
0
1
0
9 0
0 0
0 0
0 0
1 1
0
0
0
0
1
17 0
1 0
0 0
1 0
0 1
0 1
1 0
1 0
0 1
1
0
1
1
1
1
1
1
0
3 0
0 1
0
1
21 0
1 1
0 1
0 0
1 1
0 1
0 1
0 1
0 0
1 1
1 0
1
1
0
1
0
1
0
1
1
1
1
3 0
0 1
0
1
3 1
0 1
0
0
21 0
0 0
0 0
1 1
0 1
0 1
0 1
1 0
0 1
0 1
0 1
1
1
0
1
0
1
0
1
0
1
0
17 0
0 0
0 0
0 1
0 1
0 1
0 0
1 0
0 1
1
0
1
0
0
1
1
1
0
