20
9 0
1 1
0 1
0 1
0 1
1
1
1
1
0
21 1
1 0
1 0
1 1
1 1
1 1
1 1
0 1
0 1
1 1
1 1
0
1
0
0
0
0
0
0
1
1
0
23 0
1 0
0 0
0 0
1 0
1 0
0 0
0 0
0 0
0 0
0 0
0 0
0
0
0
0
0
0
0
1
0
0
0
0
29 0
1 0
1 1
1 1
0 1
1 0
0 0
1 0
1 1
0 0
0 0
0 1
0 1
0 1
0 1
1
1
1
1
0
1
0
1
1
1
1
1
0
1
1
15 0
0 0
0 1
0 0
0 1
0 1
1 0
0 0
1
0
0
1
0
0
0
0
11 1
1 1
1 1
0 1
0 0
1 1
0
0
0
0
0
0
3 1
1 1
1
0
25 1
0 1
0 0
0 1
0 0
1 0
1 1
1 1
0 0
1 0
1 1
1 0
1 1
0
0
0
0
0
1
0
0
0
1
1
0
0
29 0
0 0
1 0
0 0
1 1
0 1
0 0
0 1
1 0
0 0
0 1
0 1
0 1
0 1
0 1
1
1
1
0
1
1
0
1
0
0
1
1
0
1
0
13 1
1 0
1 0
0 0
1 0
1 0
1 0
1
1
1
1
1
1
1
29 0
1 0
1 0
0 0
1 0
0 0
0 0
0 1
0 1
0 1
0 0
0 1
0 1
0 1
0 1
1
1
1
1
1
1
0
0
1
0
1
1
0
1
1
27 0
0 0
0 1
0 0
1 0
1 1
1 1
1 1
0 1
1 0
1 1
0 1
0 0
1 0
0
1
1
0
1
1
0
0
1
0
0
0
1
1
3 1
1 0
1
1
11 1
0 0
1 1
0 1
1 1
1 1
0
0
1
0
0
1
11 0
0 0
0 1
0 0
0 1
0 1
0
0
1
0
1
0
29 1
0 1
1 0
1 0
1 1
1 1
1 0
1 1
1 1
1 1
1 1
1 1
1 1
1 1
1 1
0
0
1
1
0
1
0
0
1
0
1
1
0
0
1
5 1
1 0
1 1
1
1
0
7 0
0 1
0 1
0 1
0
1
1
0
27 1
0 1
1 1
0 0
1 0
1 1
0 1
0 1
0 0
1 0
0 1
0 1
1 1
0 1
0
0
0
0
1
1
0
0
0
0
0
0
0
0
11 0
0 0
0 0
0 1
0 1
0 0
1
0
1
0
0
0
