1000
1 1 1
1 2 64
10 10 1
1 1 1
1 2 1
1 2 2
1 3 1
1 3 2
1 3 3
1 4 1
1 4 2
1 4 3
1 4 4
2 1 1
2 1 2
2 2 1
2 2 2
2 2 4
2 2 3
2 3 1
2 3 2
2 3 4
2 3 3
2 3 6
2 3 5
2 4 1
2 4 2
2 4 4
2 4 3
2 4 6
2 4 8
2 4 5
2 4 7
3 1 1
3 1 2
3 1 3
3 2 1
3 2 2
3 2 3
3 2 4
3 2 6
3 2 5
3 3 1
3 3 2
3 3 3
3 3 4
3 3 6
3 3 9
3 3 5
3 3 8
3 3 7
3 4 1
3 4 2
3 4 3
3 4 4
3 4 6
3 4 9
3 4 8
3 4 12
3 4 5
3 4 7
3 4 11
3 4 10
4 1 1
4 1 2
4 1 3
4 1 4
4 2 1
4 2 2
4 2 3
4 2 4
4 2 6
4 2 8
4 2 5
4 2 7
4 3 1
4 3 2
4 3 3
4 3 4
4 3 6
4 3 8
4 3 9
4 3 12
4 3 5
4 3 7
4 3 11
4 3 10
4 4 1
4 4 2
4 4 3
4 4 4
4 4 6
4 4 8
4 4 9
4 4 12
4 4 16
4 4 5
4 4 7
4 4 11
4 4 10
4 4 15
4 4 14
4 4 13
1 1 2
1 1 3
1 1 4
1 2 3
1 2 4
1 2 5
1 3 4
1 3 5
1 3 6
1 4 5
1 4 6
1 4 7
2 1 3
2 1 4
2 1 5
2 2 5
2 2 6
2 2 7
2 3 7
2 3 8
2 3 9
2 4 9
2 4 10
2 4 11
3 1 4
3 1 5
3 1 6
3 2 7
3 2 8
3 2 9
3 3 10
3 3 11
3 3 12
3 4 13
3 4 14
3 4 15
4 1 5
4 1 6
4 1 7
4 2 9
4 2 10
4 2 11
4 3 13
4 3 14
4 3 15
4 4 17
4 4 18
4 4 19
45 45 2026
45 45 2027
45 45 2028
45 44 1981
45 44 1982
45 44 1983
45 43 1936
45 43 1937
45 43 1938
44 45 1981
44 45 1982
44 45 1983
44 44 1937
44 44 1938
44 44 1939
44 43 1893
44 43 1894
44 43 1895
43 45 1936
43 45 1937
43 45 1938
43 44 1893
43 44 1894
43 44 1895
43 43 1850
43 43 1851
43 43 1852
1 50 11
1 50 46
1 50 27
1 50 28
2 50 90
2 50 29
2 50 12
2 50 20
3 50 26
3 50 81
3 50 5
3 50 15
4 50 2
4 50 73
4 50 69
4 50 37
5 50 9
5 50 25
5 50 32
5 50 101
6 50 32
6 50 36
6 50 65
6 50 62
7 50 86
7 50 7
7 50 29
7 50 63
8 50 14
8 50 78
8 50 140
8 50 24
9 50 150
9 50 35
9 50 305
9 50 212
10 50 21
10 50 35
10 50 103
10 50 18
50 1 5
50 1 3
50 1 3
50 1 17
50 2 17
50 2 81
50 2 20
50 2 6
50 3 4
50 3 6
50 3 52
50 3 16
50 4 27
50 4 72
50 4 8
50 4 64
50 5 120
50 5 61
50 5 87
50 5 33
50 6 12
50 6 38
50 6 37
50 6 26
50 7 45
50 7 15
50 7 91
50 7 15
50 8 34
50 8 158
50 8 16
50 8 232
50 9 118
50 9 31
50 9 44
50 9 46
50 10 5
50 10 153
50 10 200
50 10 214
15 43 31
14 33 46
38 45 76
22 24 94
32 43 140
28 45 682
47 37 305
6 39 68
48 35 248
8 14 72
22 27 47
43 16 36
47 33 234
3 12 24
45 42 519
14 15 115
16 47 98
21 35 24
34 44 216
40 14 99
46 33 295
33 34 13
11 41 56
25 49 180
46 17 84
34 39 112
11 8 1
26 2 12
29 41 144
49 29 514
11 44 141
23 48 72
27 4 19
18 43 102
7 48 50
50 40 156
19 15 54
11 23 144
19 45 188
20 40 412
17 23 43
13 18 42
29 48 326
6 40 27
37 30 172
42 23 76
14 5 25
7 14 6
32 7 4
1 18 1
50 15 19
38 24 3
5 28 46
18 9 11
20 35 150
43 34 482
27 33 114
39 6 49
32 18 84
14 6 4
4 7 9
14 36 128
31 47 90
5 39 32
31 10 70
23 10 28
20 33 90
4 32 62
50 25 215
11 14 82
47 12 14
31 15 36
47 30 220
46 32 85
27 46 552
11 27 31
15 2 6
27 10 50
49 43 570
16 26 104
43 13 10
19 17 111
23 3 11
1 26 8
42 41 221
41 6 8
36 27 53
29 38 69
8 5 2
27 20 10
24 27 69
19 39 139
44 38 644
13 18 80
29 33 134
35 40 166
35 21 117
17 13 46
20 24 14
16 18 176
50 50 343
50 50 675
50 50 4
50 50 659
50 50 733
50 50 124
50 50 712
50 50 156
50 50 566
50 50 1170
50 50 381
50 50 188
50 50 1713
50 50 90
50 50 143
50 50 22
50 50 1174
50 50 1467
50 50 630
50 50 1313
50 50 31
50 50 198
50 50 38
50 50 635
50 50 406
50 50 776
50 50 258
50 50 1054
50 50 942
50 50 5
50 50 198
50 50 330
50 50 153
50 50 132
50 50 655
50 50 414
50 50 1431
50 50 332
50 50 178
50 50 804
50 50 148
50 50 288
50 50 227
50 50 75
50 50 180
50 50 529
50 50 772
50 50 126
50 50 150
50 50 1098
50 50 174
50 50 724
50 50 97
50 50 446
50 50 379
50 50 16
50 50 725
50 50 578
50 50 300
50 50 24
50 50 753
50 50 462
50 50 748
50 50 104
50 50 34
50 50 656
50 50 358
50 50 962
50 50 742
50 50 556
50 50 78
50 50 435
50 50 1517
50 50 48
50 50 36
50 50 224
50 50 192
50 50 567
50 50 443
50 50 362
50 50 112
50 50 182
50 50 1535
50 50 30
50 50 316
50 50 19
50 50 470
50 50 121
50 50 793
50 50 843
50 50 363
50 50 516
50 50 352
50 50 556
50 50 603
50 50 691
50 50 304
50 50 27
50 50 267
50 50 57
50 50 202
50 50 737
50 50 488
50 50 351
50 50 542
50 50 204
50 50 820
50 50 56
50 50 605
50 50 1347
50 50 46
50 50 888
50 50 558
50 50 395
50 50 789
50 50 867
50 50 20
50 50 852
50 50 1180
50 50 324
50 50 18
50 50 440
50 50 243
50 50 565
50 50 902
50 50 711
50 50 43
50 50 6
50 50 45
50 50 36
50 50 477
50 50 1547
50 50 165
50 50 1088
50 50 254
50 50 1079
50 50 196
50 50 38
50 50 908
50 50 284
50 50 625
50 50 348
50 50 38
50 50 755
50 50 732
50 50 1112
50 50 292
50 50 160
50 50 930
50 50 980
50 50 522
50 50 363
50 50 612
50 50 55
50 50 183
50 50 937
50 50 8
50 50 428
50 50 34
50 50 144
50 50 236
50 50 120
50 50 1512
50 50 69
50 50 33
50 50 12
50 50 170
50 50 347
50 50 562
50 50 10
50 50 418
50 50 6
50 50 34
50 50 462
50 50 267
50 50 96
50 50 862
50 50 688
50 50 36
50 50 308
50 50 204
50 50 309
50 50 5
50 50 962
50 50 998
50 50 228
50 50 854
50 50 264
50 50 1459
50 50 51
50 50 448
50 50 1353
50 50 864
50 50 288
50 50 468
50 50 575
50 50 184
50 50 250
50 50 336
50 50 48
50 50 434
50 50 230
50 50 88
50 50 284
50 50 224
50 50 242
50 50 504
50 50 531
50 50 470
50 50 1331
50 50 1012
50 50 60
50 50 822
50 50 1002
50 50 83
50 50 260
50 50 672
50 50 819
50 50 657
50 50 388
50 50 644
50 50 320
50 50 550
50 50 290
50 50 1344
50 50 262
50 50 599
50 50 537
50 50 864
50 50 471
50 50 1648
50 50 28
50 50 90
50 50 510
50 50 341
50 50 618
50 50 180
50 50 169
50 50 1102
50 50 242
50 50 112
50 50 550
50 50 464
50 50 564
50 50 233
50 50 504
50 50 150
50 50 8
50 50 42
50 50 395
50 50 691
50 50 152
50 50 658
50 50 184
50 50 32
50 50 290
50 50 332
50 50 684
50 50 25
50 50 132
50 50 107
50 50 21
50 50 474
50 50 1195
50 50 316
50 50 1178
50 50 869
50 50 220
50 50 704
50 50 280
50 50 108
50 50 227
50 50 431
50 50 315
50 50 801
50 50 187
50 50 1
50 50 1300
50 50 160
50 50 430
50 50 45
50 50 99
50 50 330
50 50 1018
50 50 152
50 50 184
50 50 798
50 50 122
50 50 1400
50 50 21
50 50 52
50 50 259
50 50 1396
50 50 298
50 50 17
50 50 118
50 50 963
50 50 67
50 50 272
50 50 568
50 50 345
50 50 1608
50 50 816
50 50 247
50 50 740
50 50 161
50 50 811
50 50 325
50 50 143
50 50 1097
50 50 792
50 50 65
50 50 50
50 50 336
50 50 52
50 50 990
50 50 195
50 50 99
50 50 160
50 50 73
50 50 453
50 50 286
50 50 1269
50 50 782
50 50 723
50 50 325
50 50 317
50 50 73
50 50 309
50 50 533
50 50 828
50 50 288
50 50 1522
50 50 30
50 50 332
50 50 350
50 50 450
50 50 489
50 50 221
50 50 375
50 50 1131
50 50 48
50 50 234
50 50 287
50 50 61
50 50 12
50 50 486
50 50 5
50 50 572
50 50 52
50 50 401
50 50 603
50 50 95
50 50 374
50 50 897
50 50 1042
50 50 956
50 50 539
50 50 551
50 50 655
50 50 14
50 50 485
50 50 310
50 50 58
50 50 219
50 50 150
50 50 259
50 50 141
50 50 620
50 50 72
50 50 186
50 50 14
50 50 906
50 50 642
50 50 541
50 50 124
50 50 336
50 50 135
50 50 196
50 50 569
50 50 908
50 50 267
50 50 524
50 50 488
50 50 117
50 50 363
50 50 246
50 50 515
50 50 474
50 50 33
50 50 11
50 50 1124
50 50 124
50 50 845
50 50 32
50 50 21
50 50 397
50 50 300
50 50 22
50 50 704
50 50 55
50 50 340
50 50 483
50 50 1833
50 50 1083
50 50 82
50 50 978
50 50 526
50 50 270
50 50 219
50 50 70
50 50 949
50 50 90
50 50 311
50 50 423
50 50 40
50 50 96
50 50 202
50 50 934
50 50 670
50 50 412
50 50 182
50 50 870
50 50 553
50 50 220
50 50 14
50 50 4
50 50 540
50 50 13
50 50 810
50 50 750
50 50 377
50 50 789
50 50 295
50 50 646
50 50 535
50 50 13
50 50 305
50 50 77
50 50 158
50 50 248
50 50 394
50 50 132
50 50 736
50 50 174
50 50 803
50 50 329
50 50 110
50 50 90
50 50 224
50 50 29
50 50 216
50 50 14
50 50 457
50 50 370
50 50 240
50 50 156
50 50 986
50 50 674
50 50 442
50 50 2
50 50 74
50 50 170
50 50 960
50 50 696
50 50 21
50 50 171
50 50 699
50 50 545
50 50 14
50 50 1088
50 50 88
50 50 628
50 50 173
50 50 755
50 50 173
50 50 231
50 50 258
50 50 630
50 50 451
50 50 202
50 50 354
50 50 27
50 50 337
50 50 624
50 50 461
50 50 426
50 50 78
50 50 3
50 50 45
50 50 109
50 50 1073
50 50 1093
50 50 254
50 50 3
50 50 1628
50 50 288
50 50 39
50 50 442
50 50 448
50 50 254
50 50 185
50 50 1089
50 50 585
50 50 150
50 50 1062
50 50 567
50 50 585
50 50 472
50 50 456
50 50 977
50 50 50
50 50 467
50 50 898
50 50 260
50 50 1128
50 50 756
50 50 28
50 50 302
50 50 472
50 50 420
50 50 197
50 50 44
50 50 795
50 50 763
50 50 159
50 50 342
50 50 248
50 50 69
50 50 837
50 50 1002
50 50 86
50 50 452
50 50 248
50 50 1011
50 50 452
50 50 1764
50 50 830
50 50 192
50 50 400
50 50 57
50 50 138
50 50 379
50 50 640
50 50 476
50 50 457
50 50 107
50 50 1136
50 50 97
50 50 533
50 50 238
50 50 579
50 50 579
50 50 259
50 50 417
50 50 186
50 50 132
50 50 104
50 50 82
50 50 999
50 50 492
50 50 353
50 50 542
50 50 756
50 50 336
50 50 1036
50 50 385
50 50 263
50 50 233
50 50 1014
50 50 846
50 50 248
50 50 306
50 50 107
50 50 174
50 50 256
50 50 398
50 50 518
50 50 160
50 50 1343
50 50 1089
50 50 288
50 50 414
50 50 90
50 50 558
50 50 132
50 50 44
50 50 1628
50 50 114
50 50 276
50 50 244
50 50 536
50 50 322
50 50 545
50 50 11
50 50 91
50 50 18
50 50 117
50 50 195
50 50 291
50 50 768
50 50 1112
50 50 2450
50 50 2451
50 50 2452
50 50 2453
50 50 2454
50 50 2455
50 50 2456
50 50 2457
50 50 2458
50 50 2459
50 50 2460
50 50 2461
50 50 2462
50 50 2463
50 50 2464
50 50 2465
50 50 2466
50 50 2467
50 50 2468
50 50 2469
50 50 2481
50 50 2482
50 50 2483
50 50 2484
50 50 2485
50 50 2486
50 50 2487
50 50 2488
50 50 2489
50 50 2490
50 50 2491
50 50 2492
50 50 2493
50 50 2494
50 50 2495
50 50 2496
50 50 2497
50 50 2498
50 50 2499
50 50 2500
