1000
1 1 1
1 2 64
10 10 1
1 1 1
1 2 1
1 2 2
1 3 1
1 3 2
1 3 3
1 4 1
1 4 2
1 4 3
1 4 4
2 1 1
2 1 2
2 2 1
2 2 2
2 2 4
2 2 3
2 3 1
2 3 2
2 3 4
2 3 3
2 3 6
2 3 5
2 4 1
2 4 2
2 4 4
2 4 3
2 4 6
2 4 8
2 4 5
2 4 7
3 1 1
3 1 2
3 1 3
3 2 1
3 2 2
3 2 3
3 2 4
3 2 6
3 2 5
3 3 1
3 3 2
3 3 3
3 3 4
3 3 6
3 3 9
3 3 5
3 3 8
3 3 7
3 4 1
3 4 2
3 4 3
3 4 4
3 4 6
3 4 9
3 4 8
3 4 12
3 4 5
3 4 7
3 4 11
3 4 10
4 1 1
4 1 2
4 1 3
4 1 4
4 2 1
4 2 2
4 2 3
4 2 4
4 2 6
4 2 8
4 2 5
4 2 7
4 3 1
4 3 2
4 3 3
4 3 4
4 3 6
4 3 8
4 3 9
4 3 12
4 3 5
4 3 7
4 3 11
4 3 10
4 4 1
4 4 2
4 4 3
4 4 4
4 4 6
4 4 8
4 4 9
4 4 12
4 4 16
4 4 5
4 4 7
4 4 11
4 4 10
4 4 15
4 4 14
4 4 13
1 1 2
1 1 3
1 1 4
1 2 3
1 2 4
1 2 5
1 3 4
1 3 5
1 3 6
1 4 5
1 4 6
1 4 7
2 1 3
2 1 4
2 1 5
2 2 5
2 2 6
2 2 7
2 3 7
2 3 8
2 3 9
2 4 9
2 4 10
2 4 11
3 1 4
3 1 5
3 1 6
3 2 7
3 2 8
3 2 9
3 3 10
3 3 11
3 3 12
3 4 13
3 4 14
3 4 15
4 1 5
4 1 6
4 1 7
4 2 9
4 2 10
4 2 11
4 3 13
4 3 14
4 3 15
4 4 17
4 4 18
4 4 19
45 45 2026
45 45 2027
45 45 2028
45 44 1981
45 44 1982
45 44 1983
45 43 1936
45 43 1937
45 43 1938
44 45 1981
44 45 1982
44 45 1983
44 44 1937
44 44 1938
44 44 1939
44 43 1893
44 43 1894
44 43 1895
43 45 1936
43 45 1937
43 45 1938
43 44 1893
43 44 1894
43 44 1895
43 43 1850
43 43 1851
43 43 1852
1 50 33
1 50 35
1 50 10
1 50 4
2 50 26
2 50 8
2 50 70
2 50 17
3 50 99
3 50 39
3 50 18
3 50 12
4 50 33
4 50 51
4 50 62
4 50 149
5 50 8
5 50 44
5 50 26
5 50 42
6 50 76
6 50 40
6 50 35
6 50 65
7 50 4
7 50 32
7 50 164
7 50 141
8 50 230
8 50 34
8 50 27
8 50 77
9 50 38
9 50 26
9 50 66
9 50 14
10 50 28
10 50 122
10 50 194
10 50 86
50 1 12
50 1 8
50 1 3
50 1 7
50 2 80
50 2 8
50 2 41
50 2 64
50 3 40
50 3 10
50 3 21
50 3 56
50 4 14
50 4 1
50 4 52
50 4 60
50 5 35
50 5 1
50 5 92
50 5 24
50 6 56
50 6 84
50 6 114
50 6 185
50 7 115
50 7 90
50 7 82
50 7 20
50 8 28
50 8 118
50 8 66
50 8 73
50 9 12
50 9 6
50 9 60
50 9 46
50 10 38
50 10 109
50 10 10
50 10 288
46 29 177
23 26 24
41 10 126
42 11 59
41 1 14
20 32 156
47 23 402
12 26 69
2 21 21
39 3 26
47 3 30
32 10 45
10 45 55
4 50 50
7 23 6
42 9 6
20 17 140
49 42 128
21 30 247
4 38 65
41 1 8
9 18 11
6 20 18
40 17 12
6 22 18
28 1 4
45 38 78
21 3 2
33 34 10
50 23 32
22 30 93
32 27 297
31 44 283
13 34 36
45 26 114
22 31 162
9 35 96
41 47 105
24 15 80
4 42 27
14 27 143
6 7 4
34 32 693
43 23 40
47 23 159
34 4 32
32 45 364
4 1 2
18 45 196
18 18 85
50 26 188
27 34 133
22 9 28
2 34 8
43 28 324
45 8 40
43 37 584
26 22 236
17 6 11
18 50 168
27 24 285
3 11 12
1 33 10
24 27 185
47 34 111
20 39 140
8 50 8
15 33 105
22 13 2
12 6 36
1 45 1
38 33 131
17 16 38
40 47 93
34 48 114
36 48 84
50 33 265
42 38 12
29 13 21
43 14 199
43 27 232
10 35 30
4 21 44
18 30 100
49 2 38
44 39 336
40 36 413
4 22 8
48 29 520
43 33 70
34 10 51
38 15 33
50 48 42
27 9 30
35 21 39
15 48 200
31 12 230
31 44 8
5 42 91
34 19 170
50 50 656
50 50 234
50 50 307
50 50 40
50 50 38
50 50 296
50 50 359
50 50 1752
50 50 40
50 50 400
50 50 240
50 50 30
50 50 861
50 50 24
50 50 218
50 50 393
50 50 1255
50 50 114
50 50 288
50 50 124
50 50 298
50 50 274
50 50 416
50 50 56
50 50 404
50 50 168
50 50 215
50 50 1361
50 50 1058
50 50 578
50 50 732
50 50 365
50 50 344
50 50 564
50 50 380
50 50 249
50 50 56
50 50 72
50 50 1508
50 50 34
50 50 536
50 50 94
50 50 151
50 50 747
50 50 759
50 50 209
50 50 138
50 50 572
50 50 76
50 50 851
50 50 260
50 50 14
50 50 375
50 50 300
50 50 400
50 50 450
50 50 315
50 50 378
50 50 504
50 50 1110
50 50 141
50 50 1048
50 50 83
50 50 692
50 50 36
50 50 134
50 50 84
50 50 240
50 50 238
50 50 220
50 50 42
50 50 1224
50 50 752
50 50 900
50 50 84
50 50 198
50 50 6
50 50 85
50 50 1126
50 50 700
50 50 1003
50 50 294
50 50 412
50 50 46
50 50 699
50 50 5
50 50 425
50 50 469
50 50 250
50 50 152
50 50 179
50 50 222
50 50 68
50 50 360
50 50 520
50 50 98
50 50 292
50 50 1437
50 50 110
50 50 23
50 50 282
50 50 366
50 50 56
50 50 18
50 50 460
50 50 168
50 50 301
50 50 488
50 50 166
50 50 386
50 50 695
50 50 378
50 50 222
50 50 633
50 50 697
50 50 361
50 50 120
50 50 326
50 50 145
50 50 363
50 50 321
50 50 48
50 50 608
50 50 260
50 50 1331
50 50 786
50 50 11
50 50 231
50 50 633
50 50 733
50 50 90
50 50 120
50 50 28
50 50 377
50 50 396
50 50 476
50 50 20
50 50 254
50 50 180
50 50 84
50 50 1594
50 50 239
50 50 200
50 50 1075
50 50 170
50 50 463
50 50 123
50 50 498
50 50 458
50 50 84
50 50 26
50 50 35
50 50 392
50 50 1107
50 50 60
50 50 326
50 50 24
50 50 490
50 50 107
50 50 421
50 50 241
50 50 111
50 50 930
50 50 345
50 50 291
50 50 462
50 50 1368
50 50 232
50 50 132
50 50 342
50 50 20
50 50 102
50 50 848
50 50 190
50 50 174
50 50 152
50 50 368
50 50 304
50 50 112
50 50 38
50 50 510
50 50 667
50 50 492
50 50 552
50 50 736
50 50 368
50 50 74
50 50 100
50 50 67
50 50 165
50 50 503
50 50 130
50 50 68
50 50 822
50 50 55
50 50 838
50 50 614
50 50 309
50 50 447
50 50 917
50 50 758
50 50 138
50 50 460
50 50 126
50 50 76
50 50 158
50 50 303
50 50 90
50 50 356
50 50 203
50 50 1240
50 50 251
50 50 424
50 50 570
50 50 108
50 50 162
50 50 288
50 50 513
50 50 301
50 50 388
50 50 600
50 50 135
50 50 656
50 50 230
50 50 149
50 50 1065
50 50 10
50 50 230
50 50 1315
50 50 567
50 50 861
50 50 200
50 50 544
50 50 390
50 50 1305
50 50 102
50 50 841
50 50 22
50 50 434
50 50 53
50 50 717
50 50 553
50 50 554
50 50 384
50 50 43
50 50 950
50 50 308
50 50 618
50 50 104
50 50 740
50 50 333
50 50 436
50 50 877
50 50 11
50 50 537
50 50 228
50 50 6
50 50 849
50 50 402
50 50 809
50 50 684
50 50 360
50 50 603
50 50 342
50 50 1025
50 50 936
50 50 921
50 50 273
50 50 829
50 50 456
50 50 162
50 50 116
50 50 25
50 50 989
50 50 104
50 50 795
50 50 844
50 50 212
50 50 296
50 50 4
50 50 52
50 50 9
50 50 390
50 50 564
50 50 589
50 50 137
50 50 643
50 50 678
50 50 165
50 50 624
50 50 811
50 50 1315
50 50 2
50 50 279
50 50 412
50 50 493
50 50 19
50 50 232
50 50 106
50 50 1190
50 50 551
50 50 179
50 50 866
50 50 778
50 50 158
50 50 273
50 50 508
50 50 428
50 50 648
50 50 23
50 50 41
50 50 472
50 50 556
50 50 112
50 50 270
50 50 140
50 50 412
50 50 743
50 50 148
50 50 496
50 50 491
50 50 14
50 50 354
50 50 1094
50 50 498
50 50 815
50 50 471
50 50 556
50 50 978
50 50 389
50 50 78
50 50 251
50 50 449
50 50 100
50 50 66
50 50 504
50 50 170
50 50 915
50 50 83
50 50 291
50 50 34
50 50 357
50 50 1064
50 50 1337
50 50 370
50 50 54
50 50 162
50 50 23
50 50 1039
50 50 84
50 50 641
50 50 360
50 50 235
50 50 228
50 50 1224
50 50 94
50 50 75
50 50 627
50 50 512
50 50 241
50 50 89
50 50 31
50 50 519
50 50 696
50 50 140
50 50 197
50 50 424
50 50 224
50 50 472
50 50 442
50 50 104
50 50 34
50 50 136
50 50 198
50 50 913
50 50 431
50 50 123
50 50 24
50 50 78
50 50 64
50 50 158
50 50 247
50 50 224
50 50 132
50 50 55
50 50 37
50 50 1131
50 50 1328
50 50 328
50 50 6
50 50 457
50 50 495
50 50 188
50 50 346
50 50 44
50 50 1158
50 50 35
50 50 277
50 50 34
50 50 45
50 50 290
50 50 612
50 50 783
50 50 8
50 50 290
50 50 236
50 50 235
50 50 498
50 50 201
50 50 306
50 50 1000
50 50 136
50 50 1366
50 50 45
50 50 604
50 50 941
50 50 263
50 50 185
50 50 265
50 50 1090
50 50 221
50 50 530
50 50 236
50 50 167
50 50 756
50 50 147
50 50 180
50 50 13
50 50 1164
50 50 17
50 50 943
50 50 1045
50 50 977
50 50 566
50 50 552
50 50 815
50 50 46
50 50 199
50 50 144
50 50 318
50 50 576
50 50 177
50 50 148
50 50 95
50 50 146
50 50 213
50 50 110
50 50 85
50 50 1104
50 50 280
50 50 198
50 50 227
50 50 36
50 50 51
50 50 11
50 50 119
50 50 864
50 50 62
50 50 302
50 50 28
50 50 1034
50 50 504
50 50 269
50 50 64
50 50 1059
50 50 279
50 50 51
50 50 226
50 50 1
50 50 361
50 50 204
50 50 513
50 50 183
50 50 62
50 50 140
50 50 192
50 50 1080
50 50 499
50 50 693
50 50 192
50 50 789
50 50 242
50 50 102
50 50 690
50 50 11
50 50 1485
50 50 300
50 50 88
50 50 27
50 50 586
50 50 40
50 50 198
50 50 800
50 50 307
50 50 295
50 50 298
50 50 234
50 50 36
50 50 189
50 50 843
50 50 598
50 50 707
50 50 32
50 50 398
50 50 82
50 50 288
50 50 550
50 50 18
50 50 844
50 50 379
50 50 188
50 50 236
50 50 493
50 50 606
50 50 31
50 50 50
50 50 726
50 50 215
50 50 19
50 50 736
50 50 544
50 50 310
50 50 364
50 50 13
50 50 190
50 50 77
50 50 14
50 50 72
50 50 340
50 50 168
50 50 232
50 50 130
50 50 218
50 50 256
50 50 920
50 50 275
50 50 462
50 50 706
50 50 324
50 50 1065
50 50 21
50 50 122
50 50 461
50 50 800
50 50 632
50 50 519
50 50 240
50 50 1298
50 50 189
50 50 18
50 50 341
50 50 628
50 50 996
50 50 152
50 50 509
50 50 1765
50 50 1467
50 50 99
50 50 412
50 50 732
50 50 642
50 50 124
50 50 371
50 50 788
50 50 110
50 50 692
50 50 998
50 50 1004
50 50 1586
50 50 248
50 50 235
50 50 484
50 50 111
50 50 16
50 50 949
50 50 976
50 50 242
50 50 68
50 50 787
50 50 963
50 50 464
50 50 198
50 50 49
50 50 692
50 50 245
50 50 672
50 50 442
50 50 399
50 50 871
50 50 142
50 50 32
50 50 575
50 50 714
50 50 399
50 50 144
50 50 10
50 50 490
50 50 200
50 50 351
50 50 33
50 50 494
50 50 12
50 50 2450
50 50 2451
50 50 2452
50 50 2453
50 50 2454
50 50 2455
50 50 2456
50 50 2457
50 50 2458
50 50 2459
50 50 2460
50 50 2461
50 50 2462
50 50 2463
50 50 2464
50 50 2465
50 50 2466
50 50 2467
50 50 2468
50 50 2469
50 50 2481
50 50 2482
50 50 2483
50 50 2484
50 50 2485
50 50 2486
50 50 2487
50 50 2488
50 50 2489
50 50 2490
50 50 2491
50 50 2492
50 50 2493
50 50 2494
50 50 2495
50 50 2496
50 50 2497
50 50 2498
50 50 2499
50 50 2500
