1000
1 1 1
1 2 64
10 10 1
1 1 1
1 2 1
1 2 2
1 3 1
1 3 2
1 3 3
1 4 1
1 4 2
1 4 3
1 4 4
2 1 1
2 1 2
2 2 1
2 2 2
2 2 4
2 2 3
2 3 1
2 3 2
2 3 4
2 3 3
2 3 6
2 3 5
2 4 1
2 4 2
2 4 4
2 4 3
2 4 6
2 4 8
2 4 5
2 4 7
3 1 1
3 1 2
3 1 3
3 2 1
3 2 2
3 2 3
3 2 4
3 2 6
3 2 5
3 3 1
3 3 2
3 3 3
3 3 4
3 3 6
3 3 9
3 3 5
3 3 8
3 3 7
3 4 1
3 4 2
3 4 3
3 4 4
3 4 6
3 4 9
3 4 8
3 4 12
3 4 5
3 4 7
3 4 11
3 4 10
4 1 1
4 1 2
4 1 3
4 1 4
4 2 1
4 2 2
4 2 3
4 2 4
4 2 6
4 2 8
4 2 5
4 2 7
4 3 1
4 3 2
4 3 3
4 3 4
4 3 6
4 3 8
4 3 9
4 3 12
4 3 5
4 3 7
4 3 11
4 3 10
4 4 1
4 4 2
4 4 3
4 4 4
4 4 6
4 4 8
4 4 9
4 4 12
4 4 16
4 4 5
4 4 7
4 4 11
4 4 10
4 4 15
4 4 14
4 4 13
1 1 2
1 1 3
1 1 4
1 2 3
1 2 4
1 2 5
1 3 4
1 3 5
1 3 6
1 4 5
1 4 6
1 4 7
2 1 3
2 1 4
2 1 5
2 2 5
2 2 6
2 2 7
2 3 7
2 3 8
2 3 9
2 4 9
2 4 10
2 4 11
3 1 4
3 1 5
3 1 6
3 2 7
3 2 8
3 2 9
3 3 10
3 3 11
3 3 12
3 4 13
3 4 14
3 4 15
4 1 5
4 1 6
4 1 7
4 2 9
4 2 10
4 2 11
4 3 13
4 3 14
4 3 15
4 4 17
4 4 18
4 4 19
45 45 2026
45 45 2027
45 45 2028
45 44 1981
45 44 1982
45 44 1983
45 43 1936
45 43 1937
45 43 1938
44 45 1981
44 45 1982
44 45 1983
44 44 1937
44 44 1938
44 44 1939
44 43 1893
44 43 1894
44 43 1895
43 45 1936
43 45 1937
43 45 1938
43 44 1893
43 44 1894
43 44 1895
43 43 1850
43 43 1851
43 43 1852
1 50 20
1 50 11
1 50 8
1 50 23
2 50 30
2 50 13
2 50 16
2 50 45
3 50 25
3 50 47
3 50 99
3 50 11
4 50 21
4 50 21
4 50 1
4 50 15
5 50 44
5 50 107
5 50 36
5 50 23
6 50 8
6 50 102
6 50 100
6 50 20
7 50 11
7 50 18
7 50 42
7 50 12
8 50 5
8 50 63
8 50 72
8 50 204
9 50 10
9 50 130
9 50 102
9 50 148
10 50 114
10 50 78
10 50 52
10 50 108
50 1 17
50 1 8
50 1 34
50 1 12
50 2 29
50 2 49
50 2 19
50 2 8
50 3 30
50 3 9
50 3 50
50 3 11
50 4 12
50 4 48
50 4 33
50 4 17
50 5 58
50 5 39
50 5 17
50 5 49
50 6 61
50 6 99
50 6 36
50 6 46
50 7 32
50 7 213
50 7 196
50 7 40
50 8 48
50 8 171
50 8 14
50 8 143
50 9 81
50 9 136
50 9 89
50 9 70
50 10 59
50 10 28
50 10 182
50 10 131
34 45 116
15 38 166
4 8 2
22 47 9
42 21 108
7 50 28
5 42 124
43 34 96
36 37 85
19 22 86
45 28 138
35 40 187
33 42 37
50 49 87
27 8 12
49 24 523
40 50 955
42 35 116
1 5 1
11 18 18
8 29 108
23 14 102
8 29 63
42 8 37
28 17 106
36 29 5
25 18 80
13 31 79
19 12 34
3 34 47
34 41 34
2 1 1
4 43 7
33 26 11
25 23 84
13 21 44
3 35 5
43 46 122
30 15 30
27 41 74
28 8 32
14 17 130
28 22 1
33 47 180
7 15 14
33 48 7
6 42 23
32 35 118
10 20 29
20 30 32
36 11 130
29 44 16
9 30 8
11 43 28
30 2 4
28 6 106
27 5 30
7 47 46
23 9 7
39 34 185
4 38 5
31 17 17
29 24 8
7 26 43
11 31 81
31 26 237
15 4 13
19 3 45
1 50 1
50 6 24
44 29 488
11 27 79
14 24 22
29 34 64
5 25 12
16 9 30
27 18 106
22 22 113
14 48 144
15 16 35
43 45 6
14 7 30
9 2 4
8 21 12
36 39 19
39 29 752
28 47 144
25 19 57
33 35 122
22 16 18
28 15 24
31 38 188
10 7 54
49 22 48
18 11 20
3 47 14
38 22 238
13 2 2
11 50 81
39 27 141
50 50 508
50 50 486
50 50 495
50 50 104
50 50 734
50 50 992
50 50 125
50 50 8
50 50 1000
50 50 234
50 50 30
50 50 354
50 50 382
50 50 281
50 50 1128
50 50 343
50 50 387
50 50 92
50 50 331
50 50 28
50 50 286
50 50 78
50 50 408
50 50 213
50 50 228
50 50 280
50 50 134
50 50 414
50 50 1036
50 50 216
50 50 29
50 50 806
50 50 224
50 50 301
50 50 24
50 50 180
50 50 188
50 50 387
50 50 265
50 50 298
50 50 637
50 50 16
50 50 170
50 50 235
50 50 297
50 50 365
50 50 99
50 50 98
50 50 1534
50 50 51
50 50 899
50 50 711
50 50 1010
50 50 1067
50 50 266
50 50 8
50 50 1200
50 50 145
50 50 641
50 50 220
50 50 700
50 50 397
50 50 1630
50 50 287
50 50 171
50 50 153
50 50 228
50 50 952
50 50 801
50 50 251
50 50 1678
50 50 186
50 50 32
50 50 887
50 50 14
50 50 33
50 50 520
50 50 12
50 50 1056
50 50 314
50 50 764
50 50 720
50 50 904
50 50 812
50 50 353
50 50 624
50 50 217
50 50 510
50 50 221
50 50 383
50 50 540
50 50 348
50 50 12
50 50 399
50 50 542
50 50 139
50 50 156
50 50 600
50 50 364
50 50 247
50 50 94
50 50 83
50 50 1257
50 50 209
50 50 498
50 50 351
50 50 592
50 50 32
50 50 330
50 50 655
50 50 74
50 50 498
50 50 179
50 50 287
50 50 117
50 50 491
50 50 57
50 50 830
50 50 666
50 50 428
50 50 728
50 50 790
50 50 269
50 50 304
50 50 614
50 50 299
50 50 1100
50 50 652
50 50 103
50 50 452
50 50 1749
50 50 815
50 50 990
50 50 373
50 50 148
50 50 184
50 50 793
50 50 176
50 50 130
50 50 444
50 50 1432
50 50 334
50 50 755
50 50 528
50 50 274
50 50 141
50 50 376
50 50 270
50 50 108
50 50 286
50 50 28
50 50 52
50 50 635
50 50 17
50 50 802
50 50 1
50 50 120
50 50 342
50 50 917
50 50 505
50 50 252
50 50 210
50 50 215
50 50 650
50 50 285
50 50 676
50 50 1151
50 50 602
50 50 382
50 50 1084
50 50 313
50 50 423
50 50 458
50 50 79
50 50 596
50 50 552
50 50 243
50 50 303
50 50 584
50 50 890
50 50 96
50 50 504
50 50 30
50 50 442
50 50 256
50 50 162
50 50 168
50 50 29
50 50 481
50 50 84
50 50 5
50 50 55
50 50 219
50 50 1242
50 50 288
50 50 163
50 50 45
50 50 1159
50 50 35
50 50 628
50 50 780
50 50 37
50 50 48
50 50 1083
50 50 282
50 50 216
50 50 613
50 50 679
50 50 389
50 50 198
50 50 55
50 50 503
50 50 34
50 50 13
50 50 18
50 50 180
50 50 410
50 50 965
50 50 193
50 50 575
50 50 196
50 50 160
50 50 195
50 50 1067
50 50 148
50 50 528
50 50 890
50 50 116
50 50 40
50 50 1049
50 50 128
50 50 173
50 50 672
50 50 599
50 50 887
50 50 431
50 50 192
50 50 425
50 50 368
50 50 387
50 50 58
50 50 386
50 50 584
50 50 234
50 50 244
50 50 67
50 50 142
50 50 1262
50 50 666
50 50 80
50 50 279
50 50 144
50 50 1590
50 50 720
50 50 280
50 50 192
50 50 700
50 50 207
50 50 27
50 50 320
50 50 1221
50 50 316
50 50 30
50 50 517
50 50 102
50 50 381
50 50 398
50 50 502
50 50 114
50 50 298
50 50 187
50 50 10
50 50 266
50 50 129
50 50 315
50 50 44
50 50 1119
50 50 578
50 50 60
50 50 36
50 50 56
50 50 59
50 50 150
50 50 63
50 50 44
50 50 114
50 50 194
50 50 231
50 50 493
50 50 64
50 50 110
50 50 676
50 50 12
50 50 846
50 50 144
50 50 719
50 50 14
50 50 27
50 50 1706
50 50 815
50 50 129
50 50 387
50 50 151
50 50 192
50 50 606
50 50 113
50 50 183
50 50 1088
50 50 192
50 50 184
50 50 150
50 50 834
50 50 840
50 50 7
50 50 920
50 50 614
50 50 84
50 50 200
50 50 191
50 50 107
50 50 372
50 50 59
50 50 302
50 50 431
50 50 248
50 50 398
50 50 415
50 50 150
50 50 311
50 50 1182
50 50 340
50 50 424
50 50 320
50 50 928
50 50 44
50 50 37
50 50 193
50 50 2
50 50 837
50 50 309
50 50 291
50 50 603
50 50 77
50 50 187
50 50 167
50 50 384
50 50 36
50 50 520
50 50 918
50 50 292
50 50 215
50 50 168
50 50 215
50 50 785
50 50 168
50 50 12
50 50 83
50 50 130
50 50 210
50 50 1305
50 50 415
50 50 417
50 50 750
50 50 282
50 50 462
50 50 60
50 50 16
50 50 244
50 50 402
50 50 72
50 50 2
50 50 322
50 50 533
50 50 768
50 50 127
50 50 421
50 50 87
50 50 35
50 50 504
50 50 67
50 50 6
50 50 39
50 50 145
50 50 43
50 50 10
50 50 333
50 50 460
50 50 175
50 50 322
50 50 508
50 50 102
50 50 554
50 50 261
50 50 246
50 50 15
50 50 188
50 50 97
50 50 975
50 50 332
50 50 40
50 50 24
50 50 305
50 50 372
50 50 760
50 50 98
50 50 927
50 50 28
50 50 120
50 50 693
50 50 800
50 50 230
50 50 682
50 50 449
50 50 80
50 50 520
50 50 300
50 50 83
50 50 23
50 50 130
50 50 592
50 50 456
50 50 113
50 50 95
50 50 260
50 50 104
50 50 515
50 50 462
50 50 1449
50 50 213
50 50 103
50 50 237
50 50 66
50 50 1069
50 50 447
50 50 690
50 50 78
50 50 386
50 50 57
50 50 89
50 50 158
50 50 24
50 50 766
50 50 282
50 50 212
50 50 504
50 50 94
50 50 110
50 50 56
50 50 65
50 50 1820
50 50 428
50 50 624
50 50 579
50 50 347
50 50 279
50 50 203
50 50 324
50 50 246
50 50 105
50 50 843
50 50 654
50 50 765
50 50 177
50 50 266
50 50 10
50 50 233
50 50 66
50 50 180
50 50 369
50 50 830
50 50 1022
50 50 308
50 50 631
50 50 96
50 50 125
50 50 496
50 50 744
50 50 186
50 50 72
50 50 15
50 50 1758
50 50 636
50 50 53
50 50 375
50 50 432
50 50 560
50 50 1603
50 50 1566
50 50 480
50 50 350
50 50 38
50 50 510
50 50 372
50 50 207
50 50 196
50 50 400
50 50 246
50 50 562
50 50 666
50 50 60
50 50 50
50 50 938
50 50 87
50 50 357
50 50 147
50 50 868
50 50 387
50 50 210
50 50 203
50 50 212
50 50 70
50 50 430
50 50 188
50 50 406
50 50 20
50 50 605
50 50 595
50 50 374
50 50 237
50 50 644
50 50 827
50 50 235
50 50 68
50 50 38
50 50 114
50 50 520
50 50 267
50 50 51
50 50 537
50 50 615
50 50 258
50 50 453
50 50 379
50 50 224
50 50 319
50 50 1139
50 50 711
50 50 234
50 50 332
50 50 1126
50 50 331
50 50 92
50 50 738
50 50 99
50 50 24
50 50 722
50 50 81
50 50 142
50 50 618
50 50 701
50 50 496
50 50 193
50 50 487
50 50 186
50 50 132
50 50 253
50 50 22
50 50 300
50 50 92
50 50 58
50 50 20
50 50 696
50 50 226
50 50 337
50 50 994
50 50 1268
50 50 244
50 50 156
50 50 24
50 50 123
50 50 63
50 50 512
50 50 618
50 50 366
50 50 95
50 50 427
50 50 94
50 50 990
50 50 511
50 50 33
50 50 393
50 50 85
50 50 273
50 50 150
50 50 1138
50 50 125
50 50 9
50 50 920
50 50 1255
50 50 480
50 50 88
50 50 406
50 50 330
50 50 188
50 50 396
50 50 125
50 50 20
50 50 189
50 50 1258
50 50 119
50 50 319
50 50 169
50 50 2450
50 50 2451
50 50 2452
50 50 2453
50 50 2454
50 50 2455
50 50 2456
50 50 2457
50 50 2458
50 50 2459
50 50 2460
50 50 2461
50 50 2462
50 50 2463
50 50 2464
50 50 2465
50 50 2466
50 50 2467
50 50 2468
50 50 2469
50 50 2481
50 50 2482
50 50 2483
50 50 2484
50 50 2485
50 50 2486
50 50 2487
50 50 2488
50 50 2489
50 50 2490
50 50 2491
50 50 2492
50 50 2493
50 50 2494
50 50 2495
50 50 2496
50 50 2497
50 50 2498
50 50 2499
50 50 2500
