78	1022,633114	94	751,430948	5047	534,281870	5063	533,940959	10094	515,465023	10156	514,988193	15125	504,017377	15219	504,420371	20281	494,464832	20297	495,391872	25328	487,545690	25313	489,692465	30422	483,716577	30422	485,190293	35578	479,653458	35781	481,506403	40719	475,978925	40719	477,901567	45985	473,773455	46172	476,277315	51031	472,424171	51094	474,568071	
1453	921,505138	1375	755,308544	6156	530,496147	6047	530,496147	11750	511,958088	11844	511,854348	17531	500,881481	17594	501,115392	22938	491,654720	23000	492,709024	28860	485,074309	28594	487,242195	34219	481,888940	34172	482,944518	39828	477,815244	40078	479,009140	45578	474,457277	45703	477,567101	51219	472,218644	51578	473,934911	57000	471,510070	57219	473,104368	
2156	823,989701	2172	759,419998	7360	526,448287	7094	526,576129	13422	507,945402	13547	508,177791	19860	497,780690	19891	498,002389	26031	488,439679	25828	489,500094	32500	483,258949	32266	485,336834	38688	479,442309	38719	481,078602	44781	475,464286	45047	476,847360	50953	474,001264	51500	474,051996	57219	471,414908	57922	472,510559	63000	470,730285	63360	472,358267	
2688	733,116058	2703	763,891198	8469	522,613289	8281	522,613289	15156	504,232243	15485	504,745350	22797	494,370501	22750	494,526236	29406	486,009086	29078	487,054894	36781	480,950821	36375	483,167968	43328	477,239850	43328	478,692637	49860	473,348784	50781	474,623018	57016	472,643412	57578	472,601481	63500	470,615690	64141	471,770969	69172	470,032752	69625	471,780731	
3235	652,615793	3281	768,429749	9625	518,794412	9391	518,771562	17391	500,898972	17875	500,950986	25672	490,904990	25531	491,144857	33391	483,511197	32922	484,751528	41266	478,460670	40750	481,486257	48703	475,340427	48688	476,631919	55469	471,848628	56766	472,686035	63156	471,561161	63594	471,803031	69906	469,890663	70406	471,053421	75328	469,288955	75641	471,175212	
3766	590,070753	3781	773,164906	11453	514,698810	11110	514,745050	19594	497,345038	20172	497,645286	29078	488,854922	28969	488,573604	37485	481,150450	36656	482,513003	46406	476,077040	45719	480,889244	54719	472,752547	54610	474,290549	61485	470,958261	62797	471,869122	69266	470,863898	70094	471,139367	76141	469,340070	76735	470,469294	81594	468,648101	81860	470,465229	
4297	548,956160	4297	778,230096	13047	511,169357	12922	510,898585	22344	493,338018	23000	494,755106	32766	486,922329	32563	486,641501	41953	478,867459	41016	480,198717	51891	473,548351	51219	477,279693	60969	471,633671	60672	471,752463	67656	470,171432	68891	471,246958	75328	470,071251	76297	470,553454	82469	468,640705	83188	469,796202	88250	468,144269	88797	469,902796	
4844	534,908795	4828	783,412275	14719	507,427234	14625	507,127093	25188	490,122129	25922	491,624521	37156	484,657179	36641	484,645580	46813	476,415613	46000	479,215793	57938	471,974064	57031	475,671189	67360	470,611658	66922	470,918264	73781	469,441759	75219	470,438601	81688	469,441249	82594	469,949866	89110	467,998947	89875	469,252205	94781	467,558723	95828	469,422830	
5969	530,991928	5938	746,660028	16797	504,149545	16938	503,799187	28516	487,422625	29219	489,109923	41797	483,110075	41250	481,994564	52344	474,573057	51672	476,039495	64281	470,815519	63188	474,064395	73750	469,699175	73125	470,259707	79813	468,789980	81500	469,775177	88797	468,830616	89641	469,365650	95828	467,416641	96797	468,680982	101485	467,102517	102313	468,950513	
7094	527,194805	7047	712,648123	19203	500,555674	19172	500,246901	32391	485,092963	33250	486,641050	46375	480,419193	45906	481,109471	58781	472,543068	57906	473,781314	70063	469,960681	69266	473,129097	79891	468,915275	79547	469,746898	86172	468,229864	88203	469,166049	95422	468,350872	96688	468,866559	102360	466,965769	103422	468,261120	107672	466,650026	108860	468,512664	
8156	523,286392	8156	680,089893	21719	496,470719	21922	496,243194	36735	483,122928	37625	484,254210	52313	478,038725	51485	478,465303	64531	471,322461	64531	472,395194	76297	469,452160	75703	472,600986	87016	468,300000	85860	469,127871	93141	467,744196	94781	468,633164	102078	467,844695	103344	468,413076	108781	466,442873	109703	467,831567	114313	466,250450	115516	468,132274	
9313	519,527163	9281	649,290647	24813	493,506580	24828	493,124829	41344	480,696708	42453	481,842850	57813	476,117704	57485	476,027037	71391	470,625802	71391	471,736073	83000	468,735674	82219	471,735119	93656	467,751370	92719	468,547588	99453	467,265525	101203	468,101500	108500	467,277749	109469	467,915486	115422	466,050055	116203	467,455621	120875	465,860109	122360	467,626381	
10860	515,375123	10860	614,559178	28172	490,382063	27953	490,159609	46219	479,740922	47922	479,685623	64313	474,244851	63375	474,218549	77672	469,999176	77906	471,142592	90016	468,187975	89250	471,149338	100235	467,251570	99375	468,024420	106016	466,744056	107750	467,658684	115125	466,906411	116203	467,457868	122360	465,642100	122906	467,089227	127500	465,512087	128922	467,370848	
12610	512,041256	12563	582,211056	31750	487,946095	31516	487,622533	52375	476,605644	53985	477,540662	70219	472,467619	69516	473,453319	84063	469,312054	83672	470,516673	96688	467,629693	95969	470,593615	106750	466,716719	105875	467,460920	112578	466,234216	114422	467,253881	122360	466,521758	123031	467,112958	129031	465,369850	129719	466,755743	134250	465,082266	135594	466,955082	
14235	508,446288	14235	556,725116	35641	485,733916	35328	485,113387	58406	474,969876	60063	475,197129	76891	471,141395	76047	472,731639	91406	468,676259	90610	469,908804	102750	467,152006	102828	470,101206	113453	466,217093	112219	467,054583	119360	465,787483	121063	466,902158	128703	466,253590	129672	466,747616	135813	464,938906	136250	466,416043	140891	464,641029	142125	466,616518	
16313	504,769070	16313	537,791620	40172	483,861921	39797	482,922929	64797	472,671608	66188	473,940774	83328	470,293391	82328	471,863606	98703	468,195862	97391	469,302380	108969	466,706520	108969	469,665828	120547	465,799561	118766	466,675468	126016	465,408866	127500	466,453022	135219	465,695674	135860	466,360873	142281	464,638301	142610	466,005769	147610	464,229816	148422	466,272562	
18578	501,738788	18547	523,445963	44969	481,655559	44875	480,742686	70891	471,470097	72188	472,233064	90188	469,711063	89031	471,277150	105031	467,694219	104000	468,801302	115625	466,295161	116031	469,112483	127360	465,425851	125625	466,234427	132485	464,942925	134281	466,046861	141719	465,381969	142453	466,029785	148938	464,230512	148438	465,627699	153672	463,859388	154875	465,782909	
21281	498,365574	21047	510,843974	50516	479,181785	50453	478,845699	76985	470,784525	78531	471,551082	97313	469,099034	95985	470,728348	111328	467,210513	110375	468,289012	122735	465,918191	122453	468,677406	133906	465,114728	132406	465,934610	139094	464,562289	141360	465,693161	148110	464,986725	149453	465,665414	154906	463,814496	154875	465,335049	159891	463,480522	161078	465,097990	
24016	493,688629	23938	504,677877	56453	477,339547	56610	476,399812	83610	470,024683	84985	470,892144	103672	468,614146	102656	470,154914	118266	466,690059	116750	467,778993	129125	465,601832	129031	468,316688	140203	464,793810	139235	465,492144	145625	464,233863	147766	465,334745	154625	464,173660	156016	465,338888	161266	463,321115	161297	464,965369	166235	463,146519	167203	464,665649	
27156	490,780217	27031	501,949808	62750	475,864994	62875	474,378783	90391	469,313817	91625	470,328045	109891	468,159426	109110	469,685332	124563	466,265780	123516	467,502449	135656	465,150822	135672	467,845592	146625	464,377604	145797	465,132265	151891	463,846494	154063	464,996464	160969	463,768489	162531	465,036467	167313	462,990687	167781	464,650492	172516	462,885381	173625	464,370564	
30406	488,331470	30328	499,873589	68703	473,829226	69000	472,898142	96656	468,692970	98500	469,813988	116328	467,746516	115719	469,215071	131313	465,764124	129969	467,061510	142235	464,799979	142235	467,502772	153016	463,910739	152172	464,747055	158110	463,592661	159891	464,679568	166860	463,056003	168985	464,706583	173610	462,655285	174078	463,667794	178688	462,632499	179781	464,016364	
34313	486,230114	34172	497,382949	74766	472,596379	75422	471,873517	103860	468,135534	104985	469,312490	123860	467,332926	122938	468,916952	137985	465,227334	136172	466,706665	148547	464,370155	148438	467,170791	159406	463,469348	158797	464,189613	164360	463,033639	166141	464,311536	173156	462,569254	175453	463,959286	180281	462,323333	180422	462,846263	185110	462,338757	186203	463,663644	
38860	484,167867	38766	494,864503	81094	471,732131	81500	470,959966	110156	467,638513	110985	468,845978	130406	466,946166	129375	468,596455	144953	464,812458	143031	466,362795	154781	464,021037	154797	466,881968	165656	463,210187	164781	463,641849	170344	462,498629	172656	463,996238	179422	462,313888	181500	463,496081	187172	461,929633	187219	462,354485	191125	461,878161	192438	462,988433	
43735	481,794220	43813	492,181877	88125	471,119016	88469	470,411893	116531	467,231579	117719	468,195497	136969	466,574960	135656	468,076103	151360	464,369308	149281	465,914592	160969	463,638044	161188	466,365901	171500	462,909156	170875	463,025328	176672	462,242692	179172	463,686109	185781	461,926876	188156	463,111311	193500	461,476046	192844	461,951449	197625	461,384734	198813	462,524311	
48938	480,177225	48875	490,258459	94844	470,604389	95141	469,845273	123516	466,834505	124094	467,695729	143735	465,850170	142203	467,736062	157610	464,043898	155188	465,232780	167188	463,369626	167625	465,994950	177828	462,385525	176953	461,857590	183297	461,850685	185485	463,323379	191860	461,643081	194641	462,715169	199922	460,950332	199250	461,377819	203750	460,675981	204766	461,220306	
55016	477,724749	54781	489,203419	101547	470,022396	101844	469,293545	130547	466,393323	130406	467,289957	149875	465,479208	148438	467,335225	163594	463,584689	161297	464,605413	173156	462,990752	174031	465,603429	184328	462,011910	183266	461,045661	189688	461,602950	191500	462,796265	198438	460,999099	201047	462,449609	205891	460,431902	206078	460,851860	210094	460,301865	211235	460,203766	
61344	475,653455	60922	486,091943	107985	469,537043	108078	468,760641	137672	466,059243	137469	466,916288	156610	464,967360	155094	467,013942	170110	463,231149	167563	464,176889	179438	462,593167	179906	464,822962	190625	461,476202	189797	460,377376	196141	461,242827	197891	462,551083	204828	460,658210	207344	461,844213	212047	459,644611	211719	459,648809	216438	459,689139	217328	459,720791	
67453	473,554162	67391	484,607409	114485	468,988713	114703	468,199901	143938	465,631748	144125	466,558250	162625	464,630235	161313	466,683097	176422	462,980539	173531	463,857964	185875	462,315000	186250	464,530757	196860	460,942569	196391	459,839602	202594	460,565104	204406	462,186038	211266	460,182383	213672	461,388295	218219	458,911933	217781	458,907046	222328	458,865987	223610	459,010848	
73594	472,120805	73360	482,984235	121031	468,637890	121219	467,776991	150250	465,286501	150063	465,981390	168797	464,427105	167563	466,169829	182985	462,498487	179578	463,653915	192031	461,932164	192406	464,215406	203031	460,645150	202781	459,597339	208797	460,058438	210813	461,469221	217516	459,657411	219735	460,812427	224125	457,799428	224063	458,641261	228375	458,103189	229625	457,954030	
79594	471,238027	79578	482,181769	127453	468,228517	127656	467,359960	156656	464,871140	156375	465,646841	174766	464,060647	173594	465,913514	189266	462,172001	186094	463,141811	198828	461,708743	199203	463,218366	209235	460,109600	208891	458,951057	214860	459,654536	216703	460,488365	223578	458,945359	225219	460,041111	229828	456,837219	229969	457,925934	234469	457,046634	235985	457,062442	
85813	470,575070	85813	481,329918	134156	467,659628	134469	466,896036	163125	464,572883	162781	465,301181	180985	463,775456	179875	465,548371	195531	461,901868	192406	462,639496	204828	460,986502	206047	462,705240	215485	459,397754	214906	457,882706	220938	459,060076	222985	459,313335	229813	458,061358	231141	459,485459	236250	456,484847	236141	457,131120	240766	456,397700	241938	456,563590	
92828	470,009282	92594	480,313108	140860	467,301001	141328	466,518274	169547	464,026463	169063	464,706206	187422	463,290793	186094	465,299315	201985	461,677957	198719	462,460962	211328	460,368778	212328	462,380122	221781	458,894454	221313	456,843277	227188	458,355647	228703	459,069689	236172	456,960952	237813	459,042468	242110	455,614622	242281	456,553361	246781	455,586533	247813	456,132378	
99172	469,495777	99047	479,526977	147000	466,992950	147688	466,077061	175422	463,722841	175453	464,352962	193719	462,777365	192406	465,027312	208438	461,232717	204875	462,040967	217469	459,801904	218641	461,981003	227828	458,331720	227188	456,061495	233641	457,539721	235375	458,376779	242453	455,950260	243891	458,564876	248141	454,728535	248141	455,915471	252610	454,435647	253610	455,573284	
105656	468,926914	105594	478,745736	153281	466,552229	153688	465,678839	182125	463,374266	182328	463,811235	199500	462,247074	198719	464,727116	214703	460,217077	210656	461,302083	223453	459,356844	224594	461,266539	234219	457,197556	233610	455,667461	240047	456,475291	241313	457,323370	248141	455,002919	249969	457,686207	254000	453,738360	254000	454,885442	258563	454,070190	259485	454,581161	
112438	468,507296	112344	477,862382	159485	466,072793	159969	465,254710	188422	463,133013	188422	463,447369	205938	461,669115	205047	464,182728	220797	459,392209	216656	460,584527	229641	458,727267	230750	460,499085	240703	456,861242	240125	455,407560	246344	455,771528	247485	456,253300	254141	453,987565	255469	457,101484	259891	452,825827	259719	454,001540	264703	453,478425	265328	453,412784	
119203	468,043055	119203	476,918012	165906	465,729049	165953	464,781471	194641	462,811028	194922	463,165959	212500	461,105593	211313	463,890195	226969	458,803021	223110	459,589201	235922	458,481781	237031	459,563553	246766	455,977564	246500	454,357656	251860	454,985810	253500	455,497906	259766	453,409064	260875	456,185486	265922	452,132939	265656	453,080873	271031	452,459912	271031	452,542463	
125969	467,619025	126047	476,478024	172656	465,311778	172172	464,336015	200563	462,483279	200985	462,780114	218531	460,171731	217625	463,365996	233094	458,328045	229360	458,537399	241953	457,304128	243188	458,765669	252672	455,075512	252203	453,354046	257516	454,246688	259485	454,440520	265656	452,524443	266578	455,336524	271766	451,125467	271641	452,171807	277094	451,596351	277141	451,574697	
132547	467,264986	132453	475,934807	179110	464,912017	178578	464,050243	206735	462,240060	207485	462,410332	224250	459,660495	224063	462,711771	239313	457,437107	235688	457,780108	247797	456,387891	249125	457,738709	258875	454,590271	258235	452,455845	263406	453,357529	265328	453,449596	271344	451,558979	272766	454,326605	277953	450,189470	277516	451,496590	282922	450,777094	283078	450,565431	
139063	466,835979	139094	475,115135	185406	464,556515	185266	463,796507	212422	461,819191	213469	461,826634	230750	458,919822	230047	461,751451	245641	456,458776	241641	457,021761	253672	455,805325	255141	456,574131	264516	453,726882	264000	451,729375	268906	452,804825	271266	452,570615	277516	450,643775	278703	453,355349	284328	449,387691	283078	450,482310	288735	449,958959	288750	449,742152	
145672	466,470391	145485	474,473384	191438	464,066996	191610	463,497742	218641	461,247486	219250	461,434377	237203	458,369152	236641	461,200210	251860	455,388171	247469	455,869351	259485	455,331433	260781	456,002906	270797	452,598155	269891	451,022182	274688	451,843428	277422	451,721370	283188	449,612878	284672	452,560510	290250	448,294206	289266	449,571804	294516	448,841268	294438	448,758513	
151766	465,953516	151891	474,079610	197313	463,785432	197860	463,235365	224906	460,882370	225516	461,168199	243531	457,295436	242953	460,568852	257766	454,520366	253344	455,371173	265375	454,408557	266656	455,163300	276797	451,595363	276094	450,513524	280750	451,024273	283000	450,815928	288750	448,728913	290610	451,498962	295641	447,469045	294875	448,645149	300547	447,947251	300563	447,822953	
158235	465,461198	158250	473,877011	203641	463,270625	204375	462,776793	230860	460,012180	231641	460,452593	249422	456,209697	248500	460,020655	263688	454,065664	259328	454,488126	271266	453,539066	272985	454,217998	282672	450,626735	281891	449,553066	286438	449,982675	288735	449,989512	294438	447,698093	296625	450,501681	301391	446,557175	301016	447,717297	306281	447,299593	306281	447,008733	
164516	464,976568	164360	473,293286	209875	462,985670	210344	462,399033	237031	459,303339	238438	459,482319	255438	455,118634	254406	459,156233	269594	452,960504	265063	453,386306	277391	452,489050	279203	453,223430	288703	449,869344	287844	448,744996	292485	448,942540	294828	448,850979	300563	446,742558	302906	449,635442	308344	445,705899	307516	446,911345	312797	446,418509	312828	446,118212	
170781	464,669397	170641	472,870831	216063	462,525333	216266	461,844980	243031	458,004227	244531	458,832726	261422	454,226120	260438	458,377012	275610	452,254992	271110	452,490649	283188	451,673899	284703	452,237148	294438	448,681507	293875	447,765912	298422	447,942863	300672	447,874616	306531	445,981291	309219	448,695222	314906	445,198184	313922	446,198191	318688	445,683027	318781	445,479940	
177235	464,420224	177063	472,460142	222469	461,580311	222235	461,318361	248813	456,878626	250188	458,134386	267656	453,113120	266469	457,658604	281078	451,091436	276891	451,683388	288969	450,770989	290266	451,242387	300375	447,747225	299813	446,943712	304172	447,173311	306547	447,015046	313047	445,109885	315360	447,756080	320781	444,836755	319391	445,391251	324656	445,256588	324485	444,867053	
183344	463,747352	183438	472,319336	228235	461,213357	228781	460,117915	254860	455,846972	256063	457,294570	273313	452,423506	272641	457,106297	286953	450,144565	282828	450,770033	294656	449,774273	296141	450,308790	306266	446,932132	305875	446,135058	311078	446,592787	313281	446,108001	318844	444,560252	321031	446,910070	326516	444,334961	325406	444,824518	330360	444,817320	330313	444,518960	
189500	463,054691	190047	472,077725	234938	460,705243	234625	459,424743	260547	455,186560	261985	456,275393	279000	451,435345	278453	456,109180	292719	449,152699	288328	450,006887	300422	448,848438	302266	449,397526	313047	445,991285	312891	445,267043	316985	445,798276	319391	445,269284	324625	444,306681	327141	445,945307	333094	443,866085	331485	444,607368	336375	444,412173	336203	444,238208	
195531	462,446866	196391	471,521247	241313	460,200237	240672	458,843555	266125	454,242791	268094	455,179918	284891	450,416702	283860	455,104828	299031	448,163082	293719	448,859661	306266	448,124851	308078	448,492625	318844	445,386787	319000	444,573755	322813	445,094571	325110	444,711225	330641	443,864432	332781	445,550954	339110	443,703580	337578	444,403957	342281	444,088190	342219	443,992824	
202000	462,100964	203141	471,148039	247656	459,010903	247000	457,761875	272078	453,138270	273860	454,116757	290797	449,542561	289078	454,552929	304563	447,216201	299797	447,740933	312969	447,179625	314563	447,626822	324766	444,780755	325110	444,347375	328906	444,646778	331406	444,400230	336844	443,692605	338750	445,206708	344860	443,467300	343453	444,234923	348344	443,981133	348250	443,955533	
208485	461,570697	209766	470,907554	253625	458,087716	252781	457,096878	278453	452,358063	279703	453,115724	296828	448,548876	294922	453,574424	311219	446,459951	305703	446,821600	318906	446,355652	320750	446,671531	330625	444,397311	331063	444,035787	334766	443,866037	337235	444,113581	342766	443,300676	344422	444,452999	350781	443,265560	349375	443,975294	354094	443,805536			
214610	461,236307	215531	469,007404	259485	457,204285	258656	456,193786	284328	451,334844	284985	452,198382	303047	447,597214	300750	452,595034	316953	445,606617	312406	446,228868	324844	445,437129	326469	445,716383	336235	444,103229	337110	443,674370	340672	443,623363	343125	443,846836	348672	442,979559	350750	444,003965	356828	443,141305	355578	443,787995	359969	443,461011			
220766	460,903308	221610	468,455891	265328	456,537536	264438	455,282965	290250	450,311928	290906	451,260881	309313	446,753863	306922	451,702129	322641	444,805400	318610	445,830623	331031	445,168861	332438	445,221027	342078	443,757944	343203	443,455246	346672	443,491025	349016	443,678789	354563	442,760977	356141	443,925286	362610	442,977178	361110	443,595785	365172	443,220809			
226860	460,349884	227641	468,166680	271344	455,807053	270391	454,453220	296250	449,458944	296860	450,263976	315594	445,870895	313141	450,862905	328578	444,183916	324328	445,128469	336938	444,970351	338125	444,491712	347985	443,406098	348906	443,253695	352156	443,360233	354922	443,578060	360281	442,614512	361360	443,894818	367297	442,892784	366344	443,516213	369813	443,087221			
233094	459,271534	233938	467,738688	277266	454,774062	276047	453,496278	302235	448,468134	302797	449,376250	320922	445,361806	319203	449,887916	334672	443,917240	330375	444,671693	342719	444,441593	344422	443,910705	353485	443,183332	354750	443,114354	357938	442,909609	360828	443,292537	365360	442,519690			372172	442,637651	370906	443,290962	374219	442,996041			
239313	458,300821	240047	467,765535	283188	453,561056	281813	452,866206	308672	447,534562	309078	448,477763	326735	444,939199	325219	448,958256	340766	443,609912	336500	444,309994	348578	443,935926	349891	443,718553	358813	442,859873	360438	443,004248	363281	442,667916	365750	442,990699	369813	442,303039			375985	442,491136	375016	443,226282	377922	442,733328			
245203	457,212771			288844	452,607827	287938	451,774137	314735	446,555171	315344	447,474828	332594	444,624218	331063	448,068634	346844	443,294354	342375	443,693968	354250	443,531290	355078	443,584283	363891	442,652758	365891	443,011576	368094	442,456355	370188	442,798509	374188	442,079207			379563	442,347319	378375	442,874048	381453	442,624838			
251250	456,245325			294781	451,589552	293438	451,430091	320672	445,720636	320906	446,559432	338547	444,016363	336844	447,356465	352344	443,080719	348453	443,517931	360094	443,212180	360844	443,556021	368625	442,361898			372922	442,413295	374688	442,689940	377750	441,917079			383078	442,255212	381828	442,791603	384922	442,513789			
257297	455,598570			300656	450,638211	299406	450,241987	325938	444,845030	326938	445,916086	344875	443,776645	342719	446,696573	358156	442,925856	354172	443,450511	365422	443,104034			373438	442,273018					378375	442,436250	381203	441,776478			386594	442,082999	385375	442,721901	388469	442,433801			
263469	454,686504			306922	449,773279	305281	449,342983	332422	444,443967	332422	445,348769	350656	443,640742	348750	446,224217	363547	442,730098	359844	443,384451	370125	443,021387			376906	442,083814					381578	442,317639	384672	441,649470			390047	441,909884	388860	442,600805	392110	442,287100			
269703	453,766163			313063	448,827396	311906	448,333416	338360	444,123599	338125	444,619814	356485	443,355630	354281	445,364039	368125	442,546877	365094	443,283680	374516	442,983718			380094	441,983377					385047	442,197061	388235	441,551469			393750	441,746774	392313	442,439783	395844	442,185689			
275563	453,040579			319250	447,875710	317828	447,465594	344422	443,850379	343828	444,407147	362172	443,161352	360031	444,634366	372641	442,404419	369641	442,960925					383469	441,846206					388485	442,082787	391813	441,328815			397188	441,561568	395735	442,266014	398953	442,147035			
281516	452,067541			325047	446,997586	323641	446,533685	349891	443,655734	349969	443,990166	367031	443,093095	365172	444,591795	376266	442,246970	374110	442,934121					387156	441,725895					392328	442,004002	395266	441,198623			400078	441,358367	399000	442,209592					
287250	451,093194			331156	446,378187	329469	445,862184	355610	443,361960	355610	443,437340	371828	442,924656			379781	442,109833							390594	441,628535					395875	441,826882	398719	441,184689			402719	441,209458	401625	442,060990					
293328	450,041705			337281	445,583112	335250	445,057233	361656	442,988732	360953	443,110321	375953	442,855967			383391	441,976343							394313	441,518278					399016	441,760956					405250	441,093417	404266	441,973288					
299344	449,088051			343547	444,785142	340906	444,788935	366844	442,908709	365750	442,825114	379625	442,723341			387094	441,874697							397828	441,406525					401656	441,659799					407844	441,010119	406922	441,887894					
305203	448,077384			349219	443,888626	346797	444,291492	371203	442,747507	370594	442,713935	383188	442,634950			390703	441,746948							400563	441,295012					404281	441,573608					410219	440,913509	409141	441,818823					
311610	447,220749			354656	443,784309	352344	443,992217	375078	442,644039	374844	442,648581	386766	442,571890			394391	441,625477							403063	441,218310					407047	441,483090					412313	440,791947	411328	441,768211					
317625	446,777059			360438	443,641834	358360	443,923271	378735	442,532303	378344	442,391709	390328	442,308833			398156	441,548382							405938	441,106499					409438	441,415334					414500	440,729638	413453	441,661139					
323485	445,952511			365485	443,470568	363641	443,623183	382203	442,307871	381672	442,245101	393781	442,236295			400547	441,490452							408438	440,918743					411500	441,311283					415563	440,618383	415156	441,672509					
329360	445,198897			370047	443,371229	368094	443,393285	385391	442,032925	385047	442,137713	397188	442,069482			403156	441,357005							410672	440,839171					413641	441,154644					416469	440,530573							
335031	444,729706			374438	443,330432	372719	443,283043	388860	441,921478	388688	442,064845	400031	441,807236			405719	441,252685							412672	440,724392					415203	441,018478					417422	440,458214							
340813	444,431649					376235	443,181323	392641	441,777820	392313	441,887993	402578	441,679984			408188	441,176665							414594	440,692538					416078	440,823643					418313	440,406984							
346625	444,215006					379750	443,070805	396094	441,672153	395906	441,774812	405250	441,544528			410469	441,135547													417000	440,699780					419188	440,354701							
352578	444,037955					383188	442,944313	399078	441,575487	399094	441,689298	407875	441,478263																	417875	440,596156					420110	440,316401							
358563	443,895121					386844	442,720174	401953	441,484762	401688	441,621155	410219	441,412638																	418719	440,355910													
364391	443,631549					390422	442,620121	404328	441,295210	404281	441,508489	412313	441,311247																	419610	440,247653													
368985	443,431299					394110	442,455023	407094	441,243828	407047	441,434023	414500	441,276196																	420250	440,196938													
373328	443,294765					397610	442,290353			409406	441,324095																			420875	440,146336													
376860	443,066603					400438	442,071781			411453	441,143708																			421516	440,083806													
380547	442,781769					402906	441,918281			413547	441,048085																			422188	440,044999													
384219	442,664425					405719	441,819189			415188	441,022315																																	
388000	442,533957					408360	441,739925																																					
391625	442,354439					410828	441,675788																																					
395235	442,204556					412750	441,564250																																					
398719	442,143398					414828	441,479629																																					
						415781	441,262521																																					
						416719	441,132047																																					
						417703	440,948113																																					
						418594	440,785164																																					
						419516	440,717419																																					
						420235	440,611248																																					
						420860	440,520549																																					
						421469	440,423903																																					
						422078	440,351863																																					
						422391	440,269652																																					
						422703	440,201205																																					
						422985	440,100450																																					
						423297	440,020632																																					
						423641	439,960427																																					
						423953	439,848296																																					
