=== Run information ===

Scheme:       weka.classifiers.functions.LinearRegression -S 0 -R 1.0E-8
Relation:     QueryResult-weka.filters.unsupervised.attribute.Remove-R2
Instances:    441
Attributes:   27
              ICB
              weighted2
              A1
              A2
              A3
              B1
              B2
              B3
              B4
              B5
              C1
              C2
              C3
              C4
              C5
              D1
              D2
              D3
              D4
              E1
              E2
              E3
              E4
              F1
              F2
              F3
              G1
Test mode:    10-fold cross-validation

=== Classifier model (full training set) ===


Linear Regression Model

weighted2 =

     -0.0242 * ICB=Telecommunications,Industrials,Utilities +
      0.0368 * ICB=Industrials,Utilities +
      0.0326 * ICB=Utilities +
     -0.1587 * A1 +
      0.1662 * A2 +
     -0.1572 * A3 +
      0.2872 * B1 +
     -0.192  * B2 +
     -0.4072 * B3 +
     -0.395  * B4 +
      1.1063 * B5 +
      0.0866 * C1 +
     -0.2132 * C2 +
     -0.2904 * C3 +
     -0.2948 * C4 +
      0.7217 * C5 +
     -0.2763 * D1 +
     -0.2259 * E1 +
      0.1571 * E3 +
      0.2831 * E4 +
     -0.1437 * F2 +
      0.0411 * G1=M,B +
      0.0513 * G1=B +
      0.5564

Time taken to build model: 0.03 seconds

=== Predictions on test data ===

 inst#,    actual, predicted, error
     1      0.6        0.658      0.058
     2      0.64       0.734      0.094
     3      0.48       0.653      0.173
     4      0.6        0.641      0.041
     5      0.64       0.686      0.046
     6      0.64       0.648      0.008
     7      0.6        0.59      -0.01 
     8      0.68       0.634     -0.046
     9      0.64       0.573     -0.067
    10      0.44       0.652      0.212
    11      0.44       0.45       0.01 
    12      0.56       0.582      0.022
    13      0.52       0.625      0.105
    14      0.56       0.574      0.014
    15      0.56       0.709      0.149
    16      0.52       0.58       0.06 
    17      0.56       0.592      0.032
    18      0.68       0.726      0.046
    19      0.4        0.599      0.199
    20      0.68       0.649     -0.031
    21      0.6        0.53      -0.07 
    22      0.52       0.461     -0.059
    23      0.64       0.739      0.099
    24      0.48       0.534      0.054
    25      0.68       0.598     -0.082
    26      0.76       0.734     -0.026
    27      0.48       0.531      0.051
    28      0.56       0.551     -0.009
    29      0.8        0.677     -0.123
    30      0.64       0.702      0.062
    31      0.64       0.679      0.039
    32      0.6        0.643      0.043
    33      0.72       0.714     -0.006
    34      0.44       0.454      0.014
    35      0.76       0.699     -0.061
    36      0.64       0.685      0.045
    37      0.68       0.66      -0.02 
    38      0.52       0.593      0.073
    39      0.8        0.774     -0.026
    40      0.44       0.495      0.055
    41      0.6        0.723      0.123
    42      0.68       0.627     -0.053
    43      0.64       0.684      0.044
    44      0.6        0.686      0.086
    45      0.6        0.611      0.011
     1      0.64       0.721      0.081
     2      0.68       0.66      -0.02 
     3      0.48       0.546      0.066
     4      0.72       0.708     -0.012
     5      0.68       0.66      -0.02 
     6      0.44       0.345     -0.095
     7      0.64       0.605     -0.035
     8      0.6        0.683      0.083
     9      0.56       0.534     -0.026
    10      0.6        0.584     -0.016
    11      0.68       0.747      0.067
    12      0.52       0.547      0.027
    13      0.68       0.723      0.043
    14      0.6        0.491     -0.109
    15      0.48       0.513      0.033
    16      0.64       0.668      0.028
    17      0.4        0.402      0.002
    18      0.52       0.556      0.036
    19      0.64       0.63      -0.01 
    20      0.4        0.396     -0.004
    21      0.48       0.522      0.042
    22      0.56       0.553     -0.007
    23      0.52       0.52       0    
    24      0.56       0.731      0.171
    25      0.56       0.651      0.091
    26      0.52       0.468     -0.052
    27      0.6        0.551     -0.049
    28      0.64       0.539     -0.101
    29      0.56       0.588      0.028
    30      0.52       0.615      0.095
    31      0.64       0.634     -0.006
    32      0.48       0.559      0.079
    33      0.48       0.512      0.032
    34      0.76       0.681     -0.079
    35      0.6        0.582     -0.018
    36      0.6        0.67       0.07 
    37      0.4        0.409      0.009
    38      0.56       0.383     -0.177
    39      0.72       0.649     -0.071
    40      0.6        0.614      0.014
    41      0.6        0.67       0.07 
    42      0.68       0.702      0.022
    43      0.72       0.65      -0.07 
    44      0.6        0.628      0.028
     1      0.72       0.763      0.043
     2      0.48       0.574      0.094
     3      0.68       0.64      -0.04 
     4      0.64       0.59      -0.05 
     5      0.48       0.452     -0.028
     6      0.56       0.597      0.037
     7      0.48       0.629      0.149
     8      0.68       0.605     -0.075
     9      0.52       0.472     -0.048
    10      0.72       0.678     -0.042
    11      0.68       0.623     -0.057
    12      0.44       0.431     -0.009
    13      0.36       0.439      0.079
    14      0.8        0.657     -0.143
    15      0.76       0.684     -0.076
    16      0.8        0.662     -0.138
    17      0.6        0.738      0.138
    18      0.72       0.706     -0.014
    19      0.68       0.727      0.047
    20      0.52       0.498     -0.022
    21      0.76       0.612     -0.148
    22      0.72       0.688     -0.032
    23      0.6        0.59      -0.01 
    24      0.88       0.76      -0.12 
    25      0.76       0.754     -0.006
    26      0.68       0.698      0.018
    27      0.56       0.614      0.054
    28      0.6        0.648      0.048
    29      0.76       0.613     -0.147
    30      0.84       0.648     -0.192
    31      0.52       0.527      0.007
    32      0.6        0.577     -0.023
    33      0.76       0.697     -0.063
    34      0.64       0.616     -0.024
    35      0.64       0.622     -0.018
    36      0.48       0.611      0.131
    37      0.48       0.437     -0.043
    38      0.64       0.657      0.017
    39      0.64       0.611     -0.029
    40      0.68       0.655     -0.025
    41      0.52       0.594      0.074
    42      0.72       0.652     -0.068
    43      0.44       0.509      0.069
    44      0.48       0.358     -0.122
     1      0.64       0.711      0.071
     2      0.48       0.507      0.027
     3      0.52       0.52       0    
     4      0.44       0.579      0.139
     5      0.68       0.674     -0.006
     6      0.6        0.649      0.049
     7      0.68       0.652     -0.028
     8      0.56       0.546     -0.014
     9      0.56       0.611      0.051
    10      0.64       0.57      -0.07 
    11      0.88       0.632     -0.248
    12      0.48       0.599      0.119
    13      0.6        0.605      0.005
    14      0.76       0.624     -0.136
    15      0.84       0.678     -0.162
    16      0.4        0.462      0.062
    17      0.68       0.584     -0.096
    18      0.68       0.616     -0.064
    19      0.48       0.561      0.081
    20      0.64       0.617     -0.023
    21      0.56       0.582      0.022
    22      0.64       0.69       0.05 
    23      0.52       0.558      0.038
    24      0.6        0.66       0.06 
    25      0.52       0.499     -0.021
    26      0.76       0.658     -0.102
    27      0.72       0.653     -0.067
    28      0.76       0.763      0.003
    29      0.6        0.612      0.012
    30      0.52       0.635      0.115
    31      0.68       0.677     -0.003
    32      0.72       0.727      0.007
    33      0.48       0.458     -0.022
    34      0.68       0.63      -0.05 
    35      0.56       0.569      0.009
    36      0.72       0.652     -0.068
    37      0.44       0.491      0.051
    38      0.8        0.67      -0.13 
    39      0.72       0.732      0.012
    40      0.48       0.531      0.051
    41      0.68       0.612     -0.068
    42      0.6        0.604      0.004
    43      0.48       0.491      0.011
    44      0.64       0.69       0.05 
     1      0.6        0.663      0.063
     2      0.6        0.594     -0.006
     3      0.68       0.656     -0.024
     4      0.64       0.616     -0.024
     5      0.68       0.6       -0.08 
     6      0.68       0.656     -0.024
     7      0.88       0.649     -0.231
     8      0.4        0.491      0.091
     9      0.48       0.548      0.068
    10      0.52       0.55       0.03 
    11      0.52       0.469     -0.051
    12      0.56       0.555     -0.005
    13      0.88       0.675     -0.205
    14      0.52       0.542      0.022
    15      0.56       0.613      0.053
    16      0.6        0.648      0.048
    17      0.76       0.715     -0.045
    18      0.6        0.635      0.035
    19      0.76       0.659     -0.101
    20      0.72       0.654     -0.066
    21      0.48       0.516      0.036
    22      0.72       0.692     -0.028
    23      0.72       0.688     -0.032
    24      0.48       0.609      0.129
    25      0.64       0.655      0.015
    26      0.72       0.622     -0.098
    27      0.8        0.734     -0.066
    28      0.68       0.631     -0.049
    29      0.64       0.66       0.02 
    30      0.6        0.596     -0.004
    31      0.64       0.581     -0.059
    32      0.48       0.492      0.012
    33      0.68       0.68       0    
    34      0.72       0.736      0.016
    35      0.52       0.755      0.235
    36      0.72       0.717     -0.003
    37      0.44       0.541      0.101
    38      0.68       0.65      -0.03 
    39      0.68       0.657     -0.023
    40      0.6        0.581     -0.019
    41      0.88       0.655     -0.225
    42      0.52       0.466     -0.054
    43      0.52       0.553      0.033
    44      0.56       0.61       0.05 
     1      0.64       0.621     -0.019
     2      0.72       0.675     -0.045
     3      0.6        0.635      0.035
     4      0.76       0.651     -0.109
     5      0.6        0.64       0.04 
     6      0.72       0.635     -0.085
     7      0.52       0.511     -0.009
     8      0.68       0.705      0.025
     9      0.64       0.744      0.104
    10      0.64       0.628     -0.012
    11      0.64       0.603     -0.037
    12      0.48       0.49       0.01 
    13      0.68       0.562     -0.118
    14      0.64       0.572     -0.068
    15      0.76       0.741     -0.019
    16      0.72       0.635     -0.085
    17      0.6        0.674      0.074
    18      0.48       0.604      0.124
    19      0.64       0.632     -0.008
    20      0.68       0.634     -0.046
    21      0.6        0.643      0.043
    22      0.48       0.539      0.059
    23      0.52       0.539      0.019
    24      0.52       0.516     -0.004
    25      0.68       0.657     -0.023
    26      0.64       0.641      0.001
    27      0.52       0.421     -0.099
    28      0.72       0.712     -0.008
    29      0.6        0.708      0.108
    30      0.64       0.636     -0.004
    31      0.68       0.699      0.019
    32      0.72       0.605     -0.115
    33      0.56       0.579      0.019
    34      0.56       0.643      0.083
    35      0.48       0.541      0.061
    36      0.6        0.636      0.036
    37      0.56       0.635      0.075
    38      0.56       0.576      0.016
    39      0.68       0.668     -0.012
    40      0.48       0.476     -0.004
    41      0.8        0.652     -0.148
    42      0.52       0.606      0.086
    43      0.8        0.649     -0.151
    44      0.8        0.66      -0.14 
     1      0.48       0.408     -0.072
     2      0.64       0.613     -0.027
     3      0.68       0.638     -0.042
     4      0.36       0.487      0.127
     5      0.64       0.672      0.032
     6      0.52       0.545      0.025
     7      0.68       0.64      -0.04 
     8      0.56       0.556     -0.004
     9      0.68       0.653     -0.027
    10      0.48       0.498      0.018
    11      0.64       0.621     -0.019
    12      0.64       0.665      0.025
    13      0.6        0.609      0.009
    14      0.8        0.693     -0.107
    15      0.52       0.567      0.047
    16      0.64       0.62      -0.02 
    17      0.52       0.516     -0.004
    18      0.6        0.59      -0.01 
    19      0.56       0.508     -0.052
    20      0.64       0.659      0.019
    21      0.76       0.721     -0.039
    22      0.48       0.482      0.002
    23      0.48       0.503      0.023
    24      0.44       0.427     -0.013
    25      0.64       0.751      0.111
    26      0.68       0.771      0.091
    27      0.52       0.503     -0.017
    28      0.64       0.675      0.035
    29      0.44       0.591      0.151
    30      0.4        0.675      0.275
    31      0.56       0.679      0.119
    32      0.4        0.538      0.138
    33      0.84       0.767     -0.073
    34      0.52       0.492     -0.028
    35      0.52       0.605      0.085
    36      0.68       0.633     -0.047
    37      0.48       0.447     -0.033
    38      0.6        0.645      0.045
    39      0.52       0.524      0.004
    40      0.76       0.717     -0.043
    41      0.56       0.604      0.044
    42      0.72       0.715     -0.005
    43      0.76       0.545     -0.215
    44      0.76       0.722     -0.038
     1      0.6        0.552     -0.048
     2      0.76       0.704     -0.056
     3      0.48       0.563      0.083
     4      0.52       0.611      0.091
     5      0.48       0.52       0.04 
     6      0.52       0.478     -0.042
     7      0.48       0.546      0.066
     8      0.8        0.662     -0.138
     9      0.48       0.602      0.122
    10      0.64       0.962      0.322
    11      0.6        0.54      -0.06 
    12      0.48       0.529      0.049
    13      0.76       0.726     -0.034
    14      0.76       0.692     -0.068
    15      0.56       0.548     -0.012
    16      0.76       0.649     -0.111
    17      0.88       0.674     -0.206
    18      0.6        0.643      0.043
    19      0.64       0.681      0.041
    20      0.68       0.69       0.01 
    21      0.76       0.704     -0.056
    22      0.56       0.617      0.057
    23      0.52       0.5       -0.02 
    24      0.64       0.538     -0.102
    25      0.76       0.707     -0.053
    26      0.56       0.531     -0.029
    27      0.48       0.507      0.027
    28      0.68       0.637     -0.043
    29      0.68       0.588     -0.092
    30      0.6        0.652      0.052
    31      0.56       0.701      0.141
    32      0.64       0.68       0.04 
    33      0.6        0.597     -0.003
    34      0.64       0.697      0.057
    35      0.76       0.661     -0.099
    36      0.76       0.734     -0.026
    37      0.44       0.583      0.143
    38      0.6        0.639      0.039
    39      0.72       0.632     -0.088
    40      0.52       0.524      0.004
    41      0.64       0.713      0.073
    42      0.56       0.571      0.011
    43      0.64       0.608     -0.032
    44      0.64       0.727      0.087
     1      0.52       0.576      0.056
     2      0.6        0.674      0.074
     3      0.48       0.574      0.094
     4      0.6        0.625      0.025
     5      0.64       0.584     -0.056
     6      0.68       0.708      0.028
     7      0.52       0.566      0.046
     8      0.64       0.663      0.023
     9      0.72       0.672     -0.048
    10      0.68       0.658     -0.022
    11      0.72       0.666     -0.054
    12      0.52       0.513     -0.007
    13      0.64       0.623     -0.017
    14      1          0.647     -0.353
    15      0.64       0.629     -0.011
    16      0.56       0.552     -0.008
    17      0.48       0.491      0.011
    18      0.64       0.706      0.066
    19      0.52       0.507     -0.013
    20      0.44       0.455      0.015
    21      0.68       0.637     -0.043
    22      0.52       0.489     -0.031
    23      0.44       0.453      0.013
    24      0.76       0.663     -0.097
    25      0.48       0.534      0.054
    26      0.52       0.618      0.098
    27      0.56       0.605      0.045
    28      0.64       0.692      0.052
    29      0.76       0.678     -0.082
    30      0.64       0.549     -0.091
    31      0.6        0.637      0.037
    32      0.68       0.648     -0.032
    33      0.64       0.622     -0.018
    34      0.56       0.666      0.106
    35      0.64       0.616     -0.024
    36      0.68       0.678     -0.002
    37      0.4        0.445      0.045
    38      0.44       0.472      0.032
    39      0.72       0.724      0.004
    40      0.52       0.661      0.141
    41      0.52       0.528      0.008
    42      0.6        0.632      0.032
    43      0.64       0.654      0.014
    44      0.68       0.657     -0.023
     1      0.64       0.704      0.064
     2      0.52       0.514     -0.006
     3      0.64       0.589     -0.051
     4      0.52       0.515     -0.005
     5      0.68       0.681      0.001
     6      0.48       0.462     -0.018
     7      0.48       0.501      0.021
     8      0.52       0.474     -0.046
     9      0.92       0.738     -0.182
    10      0.68       0.522     -0.158
    11      0.6        0.624      0.024
    12      0.64       0.521     -0.119
    13      0.52       0.49      -0.03 
    14      0.84       0.755     -0.085
    15      0.72       0.673     -0.047
    16      0.4        0.423      0.023
    17      0.64       0.682      0.042
    18      0.4        0.506      0.106
    19      0.48       0.555      0.075
    20      0.68       0.685      0.005
    21      0.52       0.504     -0.016
    22      0.76       0.733     -0.027
    23      0.64       0.611     -0.029
    24      0.76       0.724     -0.036
    25      0.6        0.555     -0.045
    26      0.68       0.656     -0.024
    27      0.72       0.731      0.011
    28      0.64       0.677      0.037
    29      0.48       0.562      0.082
    30      0.56       0.649      0.089
    31      0.56       0.63       0.07 
    32      0.52       0.54       0.02 
    33      0.72       0.743      0.023
    34      0.52       0.523      0.003
    35      0.68       0.715      0.035
    36      0.48       0.581      0.101
    37      0.48       0.486      0.006
    38      0.68       0.694      0.014
    39      0.56       0.645      0.085
    40      0.76       0.731     -0.029
    41      0.72       0.744      0.024
    42      0.68       0.656     -0.024
    43      0.76       0.575     -0.185
    44      0.68       0.762      0.082

=== Cross-validation ===
=== Summary ===

Correlation coefficient                  0.7131
Mean absolute error                      0.0568
Root mean squared error                  0.0767
Relative absolute error                 63.4529 %
Root relative squared error             70.2634 %
Total Number of Instances              441     

