16	485828,655253	31	485822,904433	5094	460776,607286	5078	462619,072034	10141	359094,867663	10109	362275,838836	15391	211113,954473	15297	211237,640961	20453	193356,750409	20500	192071,789765	25906	177123,304878	25656	177648,110091	31141	170007,056393	30844	170122,957822	35875	165834,382920	35750	166682,229386	41437	164973,656877	41469	163669,571793	46562	160475,635959	47297	160858,184619	51641	158651,491751	51609	158648,450635	
766	485077,250093	781	485077,250093	6797	451772,575363	6828	450836,513495	12844	306565,024373	12922	306540,833067	19312	200103,973369	19266	200103,973369	24922	185069,215989	24797	184839,517801	30984	173126,094380	30750	176672,224461	37266	169678,385752	37469	167479,402550	43266	166190,666159	43000	164973,656877	49500	161103,171512	49219	160508,058979	55297	158661,687644	55797	158605,580006	60969	156985,380831	60891	156829,174472	
1609	483412,829194	1672	483412,829194	8312	422567,402881	8344	421040,731346	16500	211464,968464	16844	211132,985187	24094	188122,790921	24047	188214,727624	30203	177168,628724	29937	176465,236901	36547	170449,978673	37672	167515,053050	44891	162556,840264	44922	162404,444228	52375	160787,922120	51750	160169,543923	58953	158853,783917	58953	158397,620553	65375	156708,524738	65141	156815,664120	71594	155089,526922	71734	154983,738546	
2641	480801,927333	2719	480801,927333	10094	376294,716922	10156	373960,114252	20297	199987,907342	21031	197962,120371	29328	178937,762129	29141	178214,262977	36062	171085,160194	36172	169174,643221	44516	162991,208382	45125	162414,401345	55469	160535,760048	54734	160068,907672	61672	158768,171028	61031	158319,030294	69641	157130,455731	69297	156475,018828	75516	154966,763650	75156	155012,407712	83437	153456,676359	83656	153273,392979	
3516	476792,898207	3719	476792,898207	12969	309697,350649	12969	306557,626900	24875	187961,888059	25734	187384,054028	35000	171739,265497	35156	170822,470596	43359	167727,345003	43484	166702,892309	53328	160308,344458	54641	160059,226771	65719	158794,849497	64687	158009,824826	72266	156966,186797	71578	156424,588451	81484	155235,570774	80312	154662,099315	86719	153182,660315	86922	153293,623858	92797	151578,747498	93016	151749,430561	
4406	471011,256146	4547	471011,256146	16594	212515,816050	17125	210946,003300	29906	179398,429077	30891	180474,799941	42000	167192,925778	42187	166273,303329	52750	162658,155075	52422	162126,434754	63094	158601,559041	64687	158030,685900	76281	156755,418948	74937	156240,268112	84062	155146,929931	82937	154543,900881	91219	153730,922111	89844	152702,497499	96859	151442,660470	96359	151421,608287	105062	149864,261971	105578	149947,706696	
5703	462619,072034	6094	459266,354933	20391	199261,969758	20672	199240,927780	35781	172256,069324	37422	174059,104670	49531	164546,689484	50125	163474,818300	61766	160759,612260	61766	160150,819944	73234	156415,187596	74953	156024,831871	86953	155000,631552	85984	154607,818040	93297	153318,704969	92406	152669,667003	102937	151858,912101	101437	150951,726054	108406	149764,093121	108828	149869,540677	115312	148163,847057	115906	148240,682208	
7344	446080,473123	7859	435110,361094	25141	188105,797423	25281	187988,231042	43297	168347,843685	45516	165824,733768	59047	162300,911179	59641	161251,203104	72531	158588,779768	72187	158050,218893	85156	154588,871496	86375	154303,894431	96750	153217,894285	95422	152733,149817	105687	151564,990019	104531	151017,843522	113219	150183,634443	111844	149373,858413	119609	147967,351964	119875	147949,677398	126469	146421,637007	127219	146752,643619	
8859	413254,634550	9578	395763,278813	30203	179819,513830	30297	181035,599919	52437	163906,768725	55297	163277,151346	69641	160115,414158	70031	159261,116281	84422	157110,490653	84203	156250,927938	94437	152647,043607	95781	152565,061677	109391	151318,214652	107766	151047,148107	116812	149850,139624	114984	149228,923132	125172	148400,697453	123375	147593,335345	131016	146118,629384	130969	146198,368289	136125	144866,441157	137109	145062,038486	
11203	362275,838836	12422	336857,047166	36203	172737,491908	36844	174589,710374	62312	161838,994074	64766	161103,438412	81141	158159,658319	81141	157218,883632	93437	155079,455039	93391	154228,321622	106359	151075,683536	107766	150869,469048	120141	149544,350783	118422	149316,831490	127906	148137,516673	126516	147468,855826	135219	146561,632406	133875	145751,230174	142156	144540,483313	141422	144713,535978	147656	143369,740097	148266	143586,173576	
13922	291375,611890	15531	232981,061135	44344	167651,755305	44750	167402,771054	72531	159587,262092	74781	159034,279306	90344	156776,213828	90531	155378,236704	106297	153268,749247	105812	152507,126714	116859	149582,224681	118922	149151,121321	130719	147757,399093	129469	147842,183454	138219	146418,312184	136516	145948,617013	146187	144932,314411	145281	144087,523123	151156	143149,182124	151000	143055,755147	156844	141767,347505	157812	142134,497951	
17984	208385,516479	19422	202867,502538	53047	164764,239677	53297	164473,822530	84187	157617,013276	85984	157165,253101	102391	155604,770850	102625	153567,610690	117391	151408,591314	116812	150643,714277	128125	147770,072141	129734	147323,917620	141922	146254,911952	139922	146085,746976	148562	144926,169269	147328	144327,519950	155312	143257,616074	154734	142578,400994	160937	141784,987616	160203	141379,219192	166094	140123,024368	166906	140727,246515	
22312	197452,435597	24141	190448,658881	62656	162781,857123	63078	162304,917293	93578	155878,053280	95422	155213,157015	113109	153888,373208	113109	151769,784801	128500	149333,141223	127797	148941,477572	138469	146067,467526	140984	145523,125293	151250	144821,723326	149375	144326,304455	157922	143360,739163	156906	142841,458315	164641	141727,723961	163937	141029,775510	170359	140025,268781	170187	139998,370802	175281	138670,826266	176297	139242,495155	
26734	185053,850960	29312	180510,633209	72719	160435,851290	73234	159922,351893	105984	154061,673715	107047	153350,503511	124219	151830,001606	123672	149934,688754	138828	147539,685309	137687	147218,324699	148437	144489,962677	150484	143885,535190	160203	143161,169509	158609	142974,605773	166937	141644,545895	166203	141171,162156	174516	140348,999451	173078	139359,615883	179406	138465,066013	179187	138269,409133	184500	136781,502263	185906	137478,536594	
32094	176282,489839	35234	172728,234717	84406	158395,352426	84937	157729,921480	116594	152222,410482	118453	151591,074481	135031	150012,859990	134187	148223,112363	149562	145874,522943	148453	145796,968464	157922	142973,649464	160125	142328,564426	169797	141736,395807	168219	141325,675470	176125	140200,191386	175375	139810,818358	183969	138425,162096	182484	137851,375001	189094	136783,698243	188484	136380,293592	193953	135454,943988	195187	135827,445187	
38859	169655,543848	42516	167527,270672	94328	156173,636973	94578	155787,054732	127906	150236,858567	129516	149751,792165	146516	148393,475242	145312	146391,191095	158562	144231,781864	158000	144193,401289	167031	141467,073094	169844	141051,213300	179016	140015,752525	177297	139783,853804	185344	138297,477738	184437	137911,045311	193047	136868,454118	191703	136172,752439	198609	135160,323247	198156	134734,497329	203469	133853,761362	204656	134231,527383	
46625	166034,202068	51016	164635,413722	106812	154245,771067	106812	153948,943246	138125	148476,771361	141422	147773,078400	156547	146738,817862	154937	144755,419558	167500	142724,187033	167797	142356,435019	176172	139885,754453	179187	139492,848098	188562	138057,993407	186359	137770,250959	194594	136598,518094	193703	136250,802323	202656	135474,903956	201281	134963,414828	207844	133622,855702	207344	133279,763500	212891	132290,962862	214234	132766,395233	
56047	163049,178612	60312	162557,730774	117484	152535,287873	117484	152193,386360	148344	146990,153109	150547	145976,916070	165453	144307,551281	164062	142886,219441	176594	141240,157043	177094	140776,706769	185594	138193,332535	188609	138058,535595	197984	136460,944091	195953	136357,480034	203766	135359,921077	203391	134910,416068	211859	133923,509535	210656	133625,813654	217281	132209,752542	216891	131887,575862	222344	130957,917472	223609	131361,148118	
65578	160724,214284	70922	160309,289643	129547	150525,142618	128500	150212,191031	157969	145117,924831	159812	144227,243428	174656	142354,088469	173875	141422,253951	186266	139359,889753	186750	138981,214596	194719	136489,037802	197937	136201,364125	207656	135306,079027	205484	134842,243120	213234	133798,017066	212891	133306,026191	222078	132786,157470	220156	132073,055624	226453	131106,671517	227125	130754,206084	232031	129654,829895	233328	129748,036190	
75187	158609,025250	82828	158202,178592	139766	148328,990353	138828	148280,322503	167187	143279,829414	168937	142712,500642	183828	140404,884405	183469	139691,275244	195656	137841,074495	196016	137381,600107	204203	135067,194462	207516	134609,928504	216891	133666,869971	215781	133456,711649	222969	132592,452790	222719	132021,124634	231672	131451,656006	229922	130709,592793	235797	129792,044241	236984	129316,275856	241531	128451,115419	243078	128351,327804	
86516	156612,702708	91906	156067,653776	149750	146566,136577	149062	146656,754008	176297	141555,121097	178547	141168,069414	193047	138858,004239	192437	138168,024443	205391	135883,062463	205719	135777,926800	213547	133602,313770	217156	133458,045315	227141	132377,342366	225047	132045,682505	232562	131214,359130	232031	130844,268481	241562	130427,507285	239641	129186,997115	245578	128380,776003	246656	128165,705981	251672	127127,845484	253719	127226,398945	
96750	154858,920559	103734	154232,846175	159125	144778,887493	158562	144805,416389	185594	139900,468969	187500	139434,588669	202500	137500,389743	201859	136613,947928	214359	134542,790176	214797	134431,312723	223281	132138,886283	226719	132113,997179	236797	131060,610083	234578	130627,538815	242047	129965,128800	241172	129581,129192	252000	129050,998980	248906	127991,612920	256594	127100,910190	258656	126974,744203	263062	125870,364728	264141	126137,250877	
108406	152937,687445	114594	152367,133611	167969	143227,406753	167969	143053,336173	194719	138238,038476	196859	137593,725991	211422	136015,937282	211203	135278,280071	223953	132842,266436	224359	132869,750151	232516	130490,926977	236266	130664,398614	246437	129731,721694	244391	129260,731632	252187	128735,075980	251016	128584,296698	263234	127467,237632	260031	127058,164470	266656	125809,667545	268797	125619,315386	273391	124582,061131	274734	124988,005867	
119016	151364,818103	126125	150481,608451	176969	141634,973795	177500	141573,465388	204000	136697,380671	206078	136029,006341	220781	134779,590136	220500	133686,758317	233266	131384,725678	233562	131439,211898	242422	129334,873300	246125	129291,026844	258094	128457,092926	254719	127992,307370	263125	127683,859459	262219	127258,069050	273391	126082,858631	269531	125807,730092	277766	124757,950858	280703	124515,338396	283859	123413,845325	284766	123814,342445	
130391	149114,457460	136125	148725,991561	185906	139765,131909	187250	139681,676069	213734	135173,032443	215406	134343,450514	229937	133317,280359	230094	132346,052547	243391	129930,224703	243609	129910,286765	253859	128240,969820	256625	128075,797578	267703	127191,419568	264906	126815,086880	273391	126518,856985	272375	125987,422137	283531	124976,851727	281078	124710,694838	287656	123736,939689	290266	123466,684159	294250	122472,557813	294484	122530,741380	
141641	147518,705354	147172	146956,488984	195219	138059,202950	196750	138129,863966	223609	133795,375722	225047	132910,502968	239703	131915,986521	239703	130756,072005	253719	128766,786319	254031	128873,048777	264625	126936,939751	267672	126753,408380	280156	125919,726722	276312	125650,285300	283750	125456,337140	282734	125068,383143	293609	123786,075133	290719	123534,936094	297187	122640,971502	299969	122984,991665	303578	121272,707468	304391	121194,694117	
151000	145831,385663	156750	145406,340726	204656	136657,389829	206453	136347,930959	233203	132164,210058	234578	131552,243084	249906	130681,360754	250000	129600,217574	264672	127274,750563	264828	127720,606298	276047	125675,441652	279234	125556,257329	290094	124857,743439	286062	124621,483582	293609	124452,671266	293328	124181,497250	303125	122691,055379	300250	122312,063324	307797	121762,716621	310156	122049,250716	314078	120420,743071	314375	120296,545384	
160172	144239,268370	165844	143988,987115	214266	135187,427469	216109	134892,455467	242844	130724,221856	244391	130373,100383	260547	129110,250828	261047	128278,509094	275750	125969,446753	275641	126518,462559	285719	124561,954214	289359	124601,467549	299781	123948,737340	295891	123543,747439	303406	123346,638903	303406	122980,527949	312859	121721,797198	311141	121534,909851	317828	120937,908655	320594	121012,880259	324734	119565,571503	325344	119479,992323	
169266	142794,705583	175156	141950,010803	223828	133795,438822	225500	133219,370063	253891	129363,053229	255625	129243,042226	270797	127776,631771	271078	127123,321436	285500	124772,675531	285156	125319,189295	295219	123344,266186	299234	123529,998040	309203	122569,850835	306031	122436,044521	313531	122468,068911	313531	122069,523930	323641	120856,527038	321828	120717,202526	328203	120264,819723	331484	120242,678158	334437	118879,228582	335500	118902,132306	
178297	141263,897828	184531	140476,654854	233422	132292,307950	234953	131773,915074	264734	128043,932806	265297	127982,379024	282094	126539,459820	282234	125853,535158	295266	123666,518578	295062	124152,022269	305297	122393,610864	309312	122461,796440	320359	121814,501350	316281	121365,032492	324141	121754,577565	324141	121355,517791	333922	120215,238188	332906	119953,825990	338500	119446,438814	342219	119427,104975	345531	118255,002945	346078	118400,854221	
188047	139367,132432	194047	138712,886346	242484	131025,964809	244812	130445,075792	275891	126902,230961	277219	126660,719462	292281	125323,720586	292234	124771,787984	305344	122691,378986	305344	123084,270991	316016	121368,156038	320094	121541,783490	330922	121127,538978	326281	120559,123779	334797	120888,359623	334109	120730,629567	345031	119202,925097	343703	119287,453276	348891	118771,534809	352922	118555,900652	356094	117617,081974	356359	117656,330511	
197125	137882,677321	203391	137011,555175	252766	129703,962475	256391	129246,700355	285469	125742,271396	286500	125544,945727	301859	124323,805714	302250	123529,459511	316016	121734,873035	315906	121896,725968	326812	120518,786508	329750	120512,607894	341406	120289,628994	336250	119788,395360	345687	120201,454335	344797	119734,070703	355437	118575,497373	354375	118794,984173	358281	118206,326388	363219	117859,935816	366469	116962,229231	367078	116886,307174	
206703	136469,894750	213203	135329,219049	263422	128522,525892	266125	128003,881971	295172	124505,395614	295766	124337,295983	311984	123267,191112	312187	122508,746572	326250	120830,464003	326609	120857,992208	336359	119741,695089	341203	119758,182885	351844	119470,403984	347172	119024,293151	356031	119428,742772	355000	118966,473174	366062	117938,422822	364453	118050,412068	369047	117763,087627	374250	117196,283276	377219	116431,624742	377312	116275,048544	
216406	134830,783344	222484	134199,946220	273656	127259,246560	277516	126709,690449	304891	123610,508640	306437	123178,566743	322047	122274,700238	323391	121558,361592	336359	120037,443087	336484	120019,358793	347547	119013,524336	351609	118813,341535	361766	118878,056518	358062	118383,374252	366453	118654,834011	365250	118218,845914	376406	117306,244136	374969	117499,180045	379547	117301,545169	384500	116401,342533	387594	115768,908465	387906	115534,825359	
226641	133380,868868	232250	132752,466224	284297	126180,507434	287531	125438,816135	315359	122629,817974	316312	122057,466804	332625	121321,915503	334062	121008,511080	346953	119143,101937	347016	119187,612819	358281	118203,569079	362437	118152,604859	372312	118278,736465	368812	117705,796333	376906	118032,470178	375484	117381,702477	386547	116713,506037	385016	116824,064069	389359	116689,265364	394812	115562,998337	397828	115208,588768	398672	114784,207879	
236047	131999,343744	241766	131311,305207	294031	124963,970261	297078	124222,758383	325578	121840,068578	327078	121080,574065	343953	120421,733537	344703	119811,307455	356984	118445,706129	357469	118524,307591	369859	117455,185444	373094	117580,274036	382062	117703,343947	379141	117029,308756	387156	117324,509171	385203	116814,163423	397187	115971,952189	395234	116405,714694	399703	115916,889480	405797	114882,190437	408344	114512,113869	409828	114104,955005	
246437	130656,086625	252344	130056,209330	304062	123818,504610	307516	123112,635463	335922	121102,571132	336937	120302,862737	354203	119528,849149	355516	119186,290584	367344	117788,653526	367406	117925,709829	379969	116693,361534	382406	117078,672730	392422	117128,643809	389734	116579,928633	397797	116489,211490	395578	116052,234129	407766	115278,432034	405937	115943,048355	410187	115245,814094	415953	114247,699272	418500	113901,338054	420328	113324,349993	
256969	129457,793069	263500	128900,876539	314375	122752,266220	317969	122137,546357	346484	120336,554603	347937	119200,557412	364453	118627,519863	365766	118348,979653	378078	117182,350986	377391	117333,754432	390187	115865,570835	392922	116383,677021	402828	116459,926330	400297	115773,540800	408047	115853,935109	406219	115385,424301	418359	114564,763609	415766	115218,935302	420250	114557,766181	425937	113706,188408	429125	113295,686932	430812	112610,326347	
266406	128264,290649	273594	127759,224955	325250	121769,394171	329094	121240,682030	356937	119670,939811	358594	118322,035304	375078	118015,770498	375625	117854,201137	388406	116422,315622	387937	116628,615273	401250	115179,517766	403906	115642,383674	413437	115915,069198	410625	115077,752339	418516	115122,521217	416516	114633,427285	428500	113934,542319	426125	114539,722447	431109	113965,437577	436250	113104,268952	439547	112712,225612	441234	112018,988630	
277672	127091,038905	283859	126747,589216	335297	120606,318724	340562	120480,682091	367422	119032,657791	369422	117692,607978	385109	117319,368911	386109	117243,562164	399469	115738,225538	398625	115909,457054	412031	114565,836558	413953	114901,256428	423250	115187,170804	420875	114361,747687	428781	114532,916311	427672	113812,581570	438953	113323,322973	436219	113912,260193	441234	113418,280304	446453	112455,655969	450750	112243,481126	451625	111399,567042	
287891	125890,579148	294062	125586,544476	346125	119981,951656	350875	119620,152092	377375	118476,730277	379672	117049,751948	395578	116688,857838	397234	116565,941877	410453	115019,005019	409391	115241,704722	422781	113905,883145	424109	114258,361790	433828	114631,122903	431109	113805,262978	438719	113881,154665	437484	113326,438484	449734	112739,770614	446906	113331,921870	452969	112764,607944	457625	111779,014916	461562	111803,733985	462281	110840,995297	
297422	124509,317859	303875	124475,139596	356625	119166,262459	361016	118890,782088	387969	117737,871145	390000	116523,359017	406312	115981,563754	407344	115763,005125	420875	114252,895571	419719	114670,985999	433062	113182,124966	435141	113668,199966	444156	114037,523139	441391	113162,218841	449297	113335,145744	448203	112384,975028	460125	112044,657882	458516	112795,561440	464031	112233,850549	468031	111232,170733	472062	111335,674543	472453	110291,332143	
307328	123456,597144	314078	123424,035976	367391	118283,894918	371297	118207,032805	398609	117086,923669	401734	116114,652627	416500	115196,738514	417812	115193,711530	431500	113602,308858	430109	114061,934745	443172	112706,991167	445609	113073,127933	455234	113346,254436	451484	112617,963263	460000	112636,439939	459109	111816,112600	470109	111407,747300	469469	112319,349250	474875	111638,281040	479594	110726,317044	483187	110878,394288	483547	109908,788297	
317812	122302,849457	324531	122615,385817	377562	117618,562646	381828	117420,271154	409641	116336,066398	412031	115383,432984	426828	114469,998659	427812	114459,316717	441906	113026,044559	440406	113426,896602	454469	112085,514072	456609	112486,386050	466250	112838,615417	462312	112076,104845	471172	112113,131717	469500	111242,909589	481406	110875,291473	480047	111643,824683	486484	110954,028109	491594	110287,875998	495344	110313,935348	494750	109536,632296	
327562	121365,293647	335000	121636,743160	388000	116896,253733	392422	116523,856799	419859	115659,615724	421859	114757,041557	437437	113851,249668	438141	113826,916484	453422	112307,785353	451031	112893,073505	466016	111599,849184	467781	112082,449077	476609	112286,713013	472953	111508,023780	482500	111487,200037	480672	110774,543986	493703	110499,021631	491734	111042,827411	497453	110473,387496	500953	109903,285390	505297	109810,080854	504484	109082,864643	
338203	120680,880547	345937	120901,753174	399469	116228,211584	402891	115802,347227	430734	115113,687088	432641	114096,254515	447453	113261,517719	449078	112981,991390	464203	111720,910467	461656	112374,535315	476609	111035,946514	478672	111399,392078	487500	111905,269705	483953	111029,139845	494359	111012,282631	491797	110368,307022	503594	109966,593218	502109	110492,313287	507016	109996,603666	510734	109517,422287	514891	109420,452452	514172	108760,091999	
348609	119839,724336	356625	119998,589088	410187	115537,272834	413672	115058,545069	441234	114396,438633	443547	113436,941719	458234	112679,713321	459656	112417,933903	473656	111089,152947	472375	111715,150093	487984	110577,436308	490437	110787,333063	497859	111282,051309	494750	110518,157655	504484	110429,539862	502109	109932,377843	513406	109623,810469	510937	109978,573391	517766	109578,481019	522844	109146,246794	528359	109061,060418	528047	108491,881017	
359703	119221,575742	367141	119182,324461	420625	115019,290714	423625	114411,426534	451844	113821,609875	454703	112902,300561	468547	112212,514852	470109	111855,236379	484922	110410,115689	482969	111101,099559	497828	110110,268999	500312	110327,123647	507578	110827,016755	505781	109951,527969	514172	110016,219153	511672	109623,440714	527500	109274,286692	523391	109625,473328	530062	109170,548328	535656	108803,027106	542469	108623,603277	542250	108159,364277	
370250	118809,650603	377547	118626,487865	431359	114541,703617	433703	113619,912114	463234	113207,339409	465266	112416,495476	479781	111465,100709	481891	111261,846995	496125	110002,682197	494547	110597,938888	507969	109654,855669	510156	109844,109472	519250	110409,565475	516500	109490,047657	528047	109591,352320	525906	109259,083125	541469	108893,496770	536641	109550,153359	545359	108935,484190	550062	108392,391443	555031	108325,611018	555031	107849,086537	
380672	118099,207388	388281	117943,961573	441594	113878,329872	444062	113111,374470	473422	112478,784651	475609	111835,725805	491953	110888,122061	493703	110810,035577	506281	109558,166838	505000	109957,417487	520000	109282,407264	522547	109394,828069	531656	109972,483382	529453	109092,444230	542000	109223,356312	539719	108869,303678	554078	108489,521377	550234	108841,423808	557375	108527,351400	562625	108193,886593	568391	107911,077259	568687	107489,664759	
390422	117592,866000	399297	117230,402277	452891	113315,320207	455531	112381,730967	484922	111897,455154	486484	111393,721892	502016	110314,866348	503750	110299,929880	517312	109167,102570	515687	109467,147965	532734	108996,116879	535469	109039,767177	545922	109608,033317	544875	108780,544847	554828	108784,952302	552922	108530,843738	567484	108152,963925	563156	108510,452590	569906	108165,367282	575719	107908,145437	580500	107651,861094	580797	107298,408484	
401453	116852,266757	410078	116620,220002	464484	112662,052917	467000	111817,291485	496047	111358,978021	497562	110806,636162	511656	109950,456708	513234	109766,551315	530453	108846,755726	528469	109082,757873	546953	108571,568251	550062	108663,191979	559359	109133,614564	556000	108486,829386	568391	108424,269406	567125	108171,033098	580047	107895,310410	576141	108265,454599	582328	107829,594639	586953	107723,659860	592312	107353,115962	591969	107007,503765	
410625	116143,798937	420500	115894,983576	475922	112109,352243	477500	111381,179967	506469	110745,337128	507703	110293,947954	524516	109499,381301	526391	109274,670929	545562	108386,973735	544672	108619,829872	559531	108309,391591	562875	108430,197686	572141	108858,383677	570016	108178,246935	580547	108180,696607	579141	108004,654995	591266	107599,494691	587766	107870,680753	594609	107484,125125	599937	107492,691223	607344	107070,740738	606500	106777,023875	
420641	115457,565914	431375	115220,078877	488125	111591,197846	489312	110869,224865	517312	110265,322287	519922	109840,716217	538156	109510,281827	539891	108782,555122	557812	108024,971135	556531	108353,612802	572297	108020,015673	576141	108082,453715	583953	108454,301118	582078	107864,636011	591578	107862,839437	590250	107613,078248	606234	107362,208862	601281	107566,716172	608578	107225,810634	613328	107342,934802	617969	106805,771535	617797	106487,932318	
430812	114922,370953	441906	114510,820496	498187	110947,656108	498406	110198,406867	530219	109875,302106	532734	109459,758771	551094	108605,549340	552875	108370,921737	570500	107688,800007	569312	108099,906695	584766	107790,165463	588687	107693,058830	597359	108086,324258	594000	107556,330047	606469	107585,685865	604984	107374,894751	617578	107037,913750	614812	107273,541894	619406	106930,409253	624797	107091,378233	631391	106598,228663	630437	106379,094723	
440969	114240,806167	453109	113986,426751	508250	110309,809913	508156	109719,659770	545562	109458,625019	546750	109002,885495	564484	108186,794148	566953	108017,523782	583828	107413,080868	581891	107919,916749	598687	107373,648979	602937	107567,178313	611984	107924,936710	609000	107302,327089	617234	107261,729522	616062	107086,897113	631469	106783,796678	627906	107032,834685	634516	106997,950261	639359	106933,932750	645797	106455,879703	645797	106230,011200	
451094	113630,859737	464031	113350,569424	520578	109812,833146	520375	109333,334706	558156	109069,080256	559359	108685,778132	577328	107863,683675	579078	107643,252753	597266	107131,856983	594203	107477,435165	612656	107183,323103	615094	107228,211399	623047	107606,995165	620906	106911,933527	630594	107073,558150	629703	106845,748886	645875	106606,237983	642062	106736,225630	647625	106552,760374	650656	106705,421182	655937	106269,609291	655937	106057,006075	
461562	112993,516403	474641	112875,397324	532766	109294,983012	532734	108895,709618	570797	108601,430373	571687	108422,826009	587828	107548,068598	590250	107260,752529	611469	106829,910080	608547	107212,142392	623828	106870,645589	628094	106945,610147	637641	107313,249256	635250	106708,574915	646078	106808,931460	643547	106622,198633	655594	106495,542936	652609	106509,952521	657562	106379,743504	660844	106529,633169	666500	106086,534026	666500	105868,308666	
472281	112401,457004	485969	112377,392995	547359	108945,229019	546719	108478,779826	583359	108234,481779	584844	108109,722981	602484	107258,825370	604422	107008,032433	623047	106597,741753	619625	106932,512946	637641	106756,823028	642406	106668,083028	649953	107023,530708	647812	106420,863310	656047	106594,240998	654125	106464,880781	666656	106200,674994	663422	106343,898671	668766	106145,451903	673125	106297,242437	678484	105945,598954	678187	105727,998378	
483094	111964,481950	497094	111700,796806	560141	108420,261529	560281	108119,155105	596609	107891,062376	598141	107704,942283	615016	106909,660969	616641	106835,094176	637828	106332,821589	634203	106691,838176	649859	106490,272078	653625	106604,580712	659859	106838,711778	657641	106258,860695	666594	106358,232825	664953	106315,869505	679203	106008,387571	675797	106177,091829	679937	105965,834879	683359	106190,622098	687625	105831,037074	687141	105637,532751	
494312	111372,971582	507187	111315,295050	572359	108105,842337	572953	107789,349380	610000	107928,639982	611891	107642,407850	628391	106626,893055	629406	106559,466762	650062	106175,984602	647031	106460,323804	660359	106768,072187	663953	106427,696675	671766	106628,704222	668734	106020,182949	678187	106146,255914	677578	106149,919433	688516	105830,280342	685562	106114,952501	688734	105768,727252	692859	106071,603186	697062	105729,617455	696391	105473,829766	
504359	110794,804990	518469	110637,680053	584562	107836,952632	585422	107521,252070	621844	107288,284915	622750	107167,481941	643031	106368,037252	643312	106310,396758	660687	105964,929644	657062	106281,147661	672969	106182,049949	676375	106176,487855	682312	106463,469162	679500	105832,249915	687484	106003,936702	686656	106087,259573	698672	105683,876357	694750	105828,195627	698016	105620,666378	702594	106029,765575	706969	105571,435893	706281	105303,004805	
513953	110279,952275	531047	110217,232002	597359	107522,368959	598406	107222,933639	635781	106957,737853	637641	106929,246339	653062	106148,286221	653766	106083,503247	672703	105826,689735	667844	106080,699469	683531	106055,507655	685750	106031,333855	691687	106281,038600	688391	105657,061819	696734	105907,930350	696016	105912,090361	708359	105507,330317	704172	105690,384535	707250	105496,115240	711984	105812,752441	716500	105460,772226	715687	105176,444646	
527875	109995,324281	545406	109591,306763	610437	107223,379094	611469	107057,696179	649125	106766,955731	650062	106655,937596	663219	105963,025230	665250	105944,928617	682078	105652,543130	679234	105943,473051	693000	105864,966421	695094	105812,456590	701016	106094,302163	697219	105566,481680	706281	105765,601747	705578	105629,917133	718109	105415,393841	713734	105555,757836	717359	105350,227934	721047	105738,304687	725641	105278,669973	725156	105068,040702	
541812	109482,914191	558297	109112,218335	621844	106923,748334	623312	106705,024639	659172	106600,415977	659969	106483,537388	675484	105783,704604	677578	105729,447094	691062	105859,620530	688187	105715,497739	702781	105686,652516	704703	105674,719249	710453	105926,493643	706984	105349,838654	715937	105575,961720	715344	105493,003025	727375	105268,960195	723484	105426,653047	726766	105282,438175	731000	105636,736241	735266	105187,937423	734516	104987,623887	
554719	109066,600181	571250	108724,777297	635781	106650,944952	638531	106478,290396	670953	106337,061012	672016	106245,066168	685187	105657,610097	686875	105681,177949	700297	105361,857699	697109	105564,475110	712156	105537,415318	714500	105543,605493	719562	105762,191461	716250	105210,561196	725641	105417,864936	725141	105415,724511	736828	105131,778579	733609	105260,307404	737047	105139,169531	740547	105525,926610	745016	105114,690370	744375	104868,644469	
568234	108645,302868	583359	108349,874997	648500	106431,584888	650656	106300,018333	681219	106290,465880	682047	106121,086914	694516	105468,705148	696391	105408,833402	709906	105271,323786	706281	105399,994106	722125	105390,451453	724062	105467,093651	728625	105630,330913	725719	105071,827340	735469	105291,516905	735016	105275,917629	746281	104983,127491	743172	105162,731125	746312	105017,098360	750859	105433,585965	754625	104982,720524	754094	104754,550873	
580687	108329,677436	595062	108017,919917	658484	106234,504131	660703	106132,410889	690969	106423,793154	691641	105985,317103	704062	105349,182100	705578	105213,689409	719516	105148,441677	715531	105234,459115	731656	105248,081992	734016	105309,085919	738141	105462,770153	735266	104931,981210	745266	105156,542292	744406	105130,217405	755750	104865,336146	753062	105051,653455	755531	104911,897685	760734	105386,975916	764156	104872,010363	764234	104665,066883	
592359	107931,206891	609875	107620,438067	669391	105994,896849	673125	105916,750628	700562	105785,061138	701937	105768,711255	713641	105142,914317	715531	105084,320106	728828	105059,461993	725156	105143,941990	741250	105134,883871	743906	105151,173734	748312	105365,653277	745234	104837,199539	754766	105046,770992	754016	105044,454214	765484	104746,672255	763078	104958,490184	765672	104808,639492	770266	105279,729810	774312	104752,419427	774828	104608,840747	
606812	107546,830102	621500	107351,197997	680656	106042,355279	683609	105783,419407	710156	105675,531587	711297	105609,377585	723000	105054,030905	725141	104944,136438	737594	104889,360171	734859	104967,494645	750484	105004,062157	753406	105055,936774	758172	105241,044999	754766	104758,129898	764828	104977,478532	764016	104993,243858	776719	104635,847775	772875	104879,895905	776094	104705,779794	780359	105132,267209	785469	104651,711786	784875	104521,463198	
617953	107226,152007	635406	107081,853340	689859	105569,895691	692797	105726,069198	720016	105803,208104	720281	105492,701192	732859	104902,522170	734859	104843,013386	746875	104796,083157	744766	104851,529827	760500	104921,552663	763594	104962,040372	767844	105142,075152	764359	104672,363494	774922	104872,401617	773984	104894,662038	787141	104518,400612	783641	104788,748339	786719	104628,221309	791328	105063,473881	795562	104577,391747	794672	104449,951873	
632062	106930,735118	648500	106843,020429	699187	105460,037949	702734	105504,909681	729406	105365,869057	729578	105341,025307	742719	104803,452055	744297	104738,486052	756562	104698,482869	754969	104734,309120	770641	104812,937398	773516	104788,745194	778641	105004,212317	774312	104582,124632	785734	104761,391160	784734	104815,865454	797016	104399,882156	793484	104690,535426	796672	104507,481038	802031	104973,166954	805891	104503,375695	805062	104379,424719	
645703	106737,792309	657953	106502,638081	708734	105284,220758	712344	105325,154785	739422	105190,231343	739016	105136,387600	752219	104748,640571	753781	104638,606677	766859	104624,501054	765875	104670,399620	780359	104710,014455	783844	104705,858940	789500	104920,804196	784750	104462,663355	795391	104673,429753	794359	104725,119127	806625	104316,609666	803516	104601,643512	806656	104431,554752	811750	104903,393837	816156	104428,127594	815187	104308,254493	
655031	106519,182417	669266	106298,400368	718281	105138,432471	722125	105185,550864	748266	105069,655398	748766	105013,654623	762641	104642,436125	763781	104569,480920	776719	104517,025077	776094	104501,490516	790781	104600,435008	794250	104600,151373	799328	104837,438076	794391	104368,263516	805250	104621,742735	804094	104653,946879	816156	104252,082973	813500	104508,725445	816469	104372,460604	822062	104826,904469	825984	104341,666655	825219	104223,199491	
665734	106301,936753	680625	106348,023345	728016	104993,000743	731625	105107,064406	757516	104960,274984	758094	104868,720274	772422	104549,716109	773266	104446,301860	786719	104415,598464	786422	104411,957392	801219	104528,386625	804391	104497,751936	809047	104744,820520	804391	104274,763858	815328	104519,106341	814094	104598,690891	825766	104164,343027	823859	104418,697795	826000	104282,970439	831844	104779,364464	835625	104280,365067	835062	104164,091030	
678406	106093,614810	689641	105836,682900	737297	104836,600461	741937	104979,593569	767812	104850,417520	767156	104800,538548	783469	104434,334518	783844	104372,296277	796125	104330,314294	796766	104323,541655	811250	104443,208893	814766	104433,972354	818750	104653,979030	814359	104223,378866	825547	104441,204656	824125	104514,743849	835375	104099,671552	833953	104362,178659	835656	104242,740298	842125	104728,656913	845531	104261,305828	844375	104110,270043	
687922	105917,389450	699156	105694,113745	746500	104691,076457	751500	104889,989521	777906	104739,324328	777766	104652,584065	793359	104356,286190	794000	104301,732611	805703	104274,018598	806484	104244,640580	820609	104366,146332	824953	104391,424874	828484	104578,105747	824500	104176,385416	835516	104375,913150	834016	104449,384862	844687	104060,299343	843609	104314,430209	845578	104253,939037	851219	104698,479500	854453	104197,072094	853234	104075,615450	
697219	105702,625733	708328	105552,319658	756172	104565,335006	762422	104810,483419	788719	104661,758776	789500	104597,024765	803391	104278,459701	804781	104222,612083	815531	104200,710245	816016	104172,348738	829969	104335,925208	834359	104325,964524	838031	104525,205825	834359	104111,386658	844344	104303,609494	843375	104387,147158	853016	104000,721151	852687	104323,994085	854250	104151,739067	860141	104588,503157	862562	104079,105632	862906	104030,989640	
706453	105556,822581	717750	105302,809558	765844	104463,854427	772344	104732,261220	798937	104590,357219	799656	104511,625141	813422	104214,666130	814781	104203,082441	825359	104141,073842	825891	104074,334641	839531	104243,214864	843609	104230,666785	847094	104467,565190	843844	104021,150881	853234	104234,136086	852562	104366,969935	862594	103959,209201	861562	104244,179042	863641	104132,262943	868969	104502,706045	871469	104001,367592	872156	103983,125850	
715859	105369,947609	727328	105207,417894	775594	104378,568668	782891	104648,778497	808812	104529,736166	809094	104422,890519	823750	104180,069264	824656	104207,846739	835234	104076,237072	835937	104010,593103	847891	104169,739746	852234	104163,805791	855703	104383,973151	852781	103947,006773	861969	104213,065436	861375	104330,110353	871641	103904,145381	870781	104207,414454	872875	104117,579549	877750	104478,368528	880312	103962,500842	881078	103955,345719	
725391	105211,061760	736687	105014,005021	785734	104269,133320	793297	104556,982966	818750	104441,420496	818422	104348,746697	833672	104186,609224			844312	104014,598281	845531	103967,692511	856937	104111,844145	861078	104125,598085	864906	104327,342263	861797	103917,959298	870844	104187,631141	870547	104281,327073	880312	103871,025216	879828	104184,286799	881391	104066,363297	885984	104421,702579	888453	103913,232940	889203	103921,488293	
735156	105109,356077	745891	104904,063084	795766	104184,639726	803109	104479,095565	828687	104379,361723	828781	104273,759050					853156	104000,896188	855031	103909,993300	866312	104083,305421	870078	104080,569843	874437	104281,332286	870375	103878,743902	879781	104168,598199	879437	104235,491039	887812	103822,026351	887687	104121,008381	889297	104020,052281	893484	104380,729154	895609	103867,121828	897344	104348,912618	
744500	104987,579072	755359	104803,925369	806203	104117,241253	813031	104394,290260	838156	104361,110362	839297	104241,279280					862562	103879,306388	864172	103859,084905	876062	104004,844530	879156	104021,054665	883047	104283,410582	879781	103865,617497	887687	104129,169662	887203	104218,322597	895500	103783,871081	895203	104077,051358	896547	104005,890640	900562	104373,597339	901812	103837,681370	903656	103898,363156	
754047	104865,481883	765250	104699,406629	815562	104046,370767	823375	104357,767877	847328	104341,730207	848437	104116,236998					871641	103839,246136	872875	103883,871665	884297	103937,102447	887078	103980,494069			887687	103830,484263	895250	104079,806107	894766	104125,840847	902031	103766,673329	901375	104032,568134	903016	103965,076703			907531	103807,726885	909547	103818,164534	
763891	104785,248480	775594	104590,239247	825422	103984,564525	833391	104259,239889	856141	104303,881112	857141	104078,289278					880094	103820,271923	882000	103825,174820	892437	103899,568848	894891	103944,403642			895609	103810,205244	901812	104031,365887	900906	104083,526247	908047	103733,003537	907219	103987,434389	909047	103920,202353			913453	103775,508280	914859	103781,298978	
773547	104641,620713	786203	104492,611256	835234	103920,015009	842500	104228,162656	865516	104282,752935	866969	104019,293104					888109	103784,646472	889297	103798,722234	899937	103870,142768	901312	103911,831664			902234	103794,679661	907750	103993,505484	906891	104032,586147	913828	103734,829417	912812	103952,133075	914578	103869,599785			918609	103746,789132	920375	103741,583870	
783844	104606,752672	796703	104399,446527	844312	103846,893337	851406	104132,260426	874625	104237,298760	875719	103970,248220					895609	103756,670410	897656	103789,784975	905812	103840,546995	907203	103893,368706			908047	103740,182037	913297	103966,333408	912516	103994,083943			918109	103912,554250	919734	103820,612829			923594	103723,809960	924953	103728,350800	
793875	104519,909620	806625	104325,612644	853234	103788,900387	860234	104047,444495	883844	104199,712787	884578	103932,879941					902141	103750,839397			911562	103799,202303	912828	103859,038841			913922	103713,512500	918641	103936,647379	917781	103978,111175			923125	103898,298833	924703	103795,508474			928047	103705,784663	929453	103702,657414	
803781	104445,157129	816984	104299,957151	861969	103758,176500	869141	103974,387581	891375	104136,482148	892281	103915,958967									916687	103780,505414	918016	103824,226331			919031	103690,824862	923625	103902,374779	922875	103945,951308			927594	103838,171019	929219	103774,337273			932844	103677,364764	934156	103653,885115	
814047	104396,880504	827062	104241,895899	871016	103726,715373	878219	103947,652842	898172	104129,730348											921672	103768,142216	922906	103814,348377			924156	103682,244990	928344	103875,902206	927094	103884,109223			932297	103794,008959	933656	103741,414589			937344	103666,775438	938625	103637,287475	
824187	104307,456513	836875	104208,944365	879922	103705,940173	886500	103904,176997													926109	103715,973854	927297	103753,522724			928687	103641,823306	933141	103860,604201	931750	103846,211891			937094	103774,738022	938437	103745,939157			941234	103641,917481	942781	103599,713745	
833812	104275,941906	846547	104211,699593			894344	103871,808728													930656	103687,672833	931828	103725,950285			933594	103598,885188	937672	103820,174575	936500	103834,656879			940828	103740,720464					945109	103615,798161	946672	103592,564059	
843375	104243,530809					901047	103843,858939													935297	103696,729042	936500	103747,495977			937953	103579,886639	941578	103779,911380	940437	103797,888857			945016	103698,443200					948578	103570,461819			
852266	104180,379361					907203	103804,239299													939687	103617,317675	940437	103702,405311			941984	103558,265871	945547	103761,606070	944578	103766,810419			948609	103673,612706					952594	103550,445614			
861234	104137,463314					912812	103758,207292													943875	103597,514682	944578	103690,363496			946141	103531,340417	948969	103735,119244	948359	103736,280943			952641	103649,012931					955922	103530,687614			
870172	104097,176764					918016	103744,137117													947859	103575,142573	948281	103669,949396			950109	103513,056114	953062	103705,978893	952437	103715,878335			955969	103619,590625					958328	103514,080499			
879172	104078,770237																			951812	103535,732892	952219	103621,164635			953859	103492,947109	956328	103674,496901	955891	103686,396552			958453	103589,211543					960703	103480,313591			
																				955328	103528,694301	955656	103638,448824			956750	103488,402341	958656	103646,050197	958328	103665,298067			960719	103555,967028					963328	103451,300744			
																						958172	103616,350213					961156	103618,880732	960719	103630,452234			963359	103533,245568					965766	103432,811508			
																						960516	103581,814297					963547	103586,040601	963531	103608,156156			965766	103514,334266					968266	103420,507273			
