367777,6728
588357,1269
339083,4380
345867,4308
114207,1811
355750,7243
161111,1744
142332,1493
503722,0829
127815,7406
603169,1117
350914,3754
338177,6419
207640,8760
524689,7588
141928,2748
560743,5373
556840,0661
284618,8327
542043,9420
495130,0080
366024,6004
401539,6127
868264,6930
223260,7562
427750,0356
724132,5238
310406,3927
363301,2808
634450,5515
372282,8297
149519,4300
588540,7338
892279,9655
651255,3188
220768,5338
477607,2987
561801,6320
374809,9010
134822,3491
702782,0225
326870,7735
209207,4974
290656,7862
313955,7577
480510,5565
515320,3262
465957,5963
358775,5275
539850,7261
491126,5896
464473,3925
602986,2531
696937,6913
365357,6062
525574,8094
572092,3046
427206,7165
393242,7951
727910,7591
474447,6811
496930,1921
608580,6130
418915,3604
642773,7751
866802,0658
559638,4792
308334,6438
190888,0111
944025,2972
627306,9267
624945,2952
822555,8858
112737,9299
387056,3921
313275,3801
350914,3754
718679,9170
468399,0105
448476,5775
288176,5999
100203,7529
545343,6695
236595,6394
393988,5554
426725,1612
350756,8565
318803,0082
426530,0343
481678,0529
940719,2339
463510,1481
374494,9616
171515,2957
616054,8916
451929,7409
447236,6690
332503,9816
160736,4440
179346,1599
497002,3957
182197,6410
344719,2466
252207,5421
627198,1192
227397,1763
316173,7782
770133,7383
698370,5212
289079,1144
280612,0410
580108,6792
718312,8364
366730,6592
216686,5217
644660,0998
372317,9366
854665,7710
343048,8377
399501,4566
460341,3041
344419,2058
522305,8224
446010,5102
769555,4568
239638,7372
622335,8403
254977,6545
351517,6344
251003,3129
494058,3564
359704,3158
499654,5250
223878,6234
205980,6944
416200,1889
191905,0096
181529,0367
418602,4723
334385,3283
126856,1276
436155,0445
426535,5243
436318,3881
568532,5133
501012,3006
92821,5506
279672,6759
211521,8145
457634,7038
623888,1714
195799,3729
103019,2871
530234,0921
256228,5310
239214,1057
608385,4251
275208,5314
499411,1604
430347,6116
447222,8244
612122,6013
652879,0703
374439,6801
602757,4824
379148,5157
187626,4735
289795,1234
126813,1622
495865,2187
276597,2329
423973,6966
568135,0620
276164,8110
168845,9642
709784,0154
488301,0110
800374,1398
148813,0348
438864,1398
700165,7491
604222,3915
568235,4010
337220,4909
704388,4300
462735,7696
251783,8334
152793,6653
474064,4466
884062,9198
303629,3234
586573,6364
405247,6879
417835,6370
107287,3323
635144,7786
283836,3265
338983,0454
575009,4849
465131,2955
170211,8305
768412,9742
791690,5782
133292,3852
510414,7354
515068,1417
741872,6409
534624,6224
481100,6543
712279,4926
498749,7905
353808,6712
551091,2269
1035825,1599
358868,0669
345563,4801
219904,2390
145171,8484
525105,1619
484229,9762
741872,6409
485875,7459
554362,1232
506864,4358
686948,1842
628908,4170
393141,8556
644351,2574
650783,7429
239710,2443
331861,7023
829455,9929
626026,9330
283884,9539
440543,1541
415598,4172
283665,1128
219707,5512
256095,1831
615302,3873
396683,2120
409308,6783
710917,8504
361686,9112
381709,0896
205914,0815
356728,2633
296943,8045
492966,7211
565681,0703
670844,2273
332667,6881
775252,1056
506597,3679
564872,5249
672493,7480
180906,1689
335613,9516
494518,4570
441455,3172
307490,9870
185128,2864
709523,1010
796582,8541
323840,8702
713782,3931
806648,6581
555998,1939
299661,9434
718256,2595
328122,6147
396516,4263
334527,9449
594283,3354
284828,4163
217996,3696
533089,1475
624600,4133
387414,5592
665089,6180
508140,5393
434137,9210
234810,6477
798548,1923
195231,8937
154094,6486
557509,8503
498247,0601
419785,5750
222302,9661
739924,3039
820242,5073
622335,8403
544564,9407
538351,8663
602491,0333
414428,3665
246368,3445
288203,6238
560472,6338
529290,2759
797707,6522
333535,2340
660178,6681
557938,3459
859799,5151
362760,3768
511564,1360
323925,1196
722922,0392
269057,2332
402086,2324
327146,5530
741817,1907
123995,0370
820210,6270
462745,6682
426232,1858
360946,0385
578652,0663
427102,2359
364856,4800
126690,4731
486419,4850
690403,2930
298838,5853
369276,9906
574999,3311
177219,0252
300654,5754
507696,9742
586983,0150
432041,7206
155955,9600
241677,9770
494982,4964
746470,6156
802973,8990
171974,5813
391300,7104
513662,1858
126813,1622
568892,2747
375356,2706
464810,8757
553929,1285
161988,6450
394979,5940
453945,3811
474761,7378
335958,1352
303335,5042
493678,1363
333397,8737
509901,2867
223766,6537
737798,0455
173537,0004
195603,5441
1065726,7236
365856,9999
367569,1409
526594,2561
339813,4465
575155,4300
387678,4674
325852,8802
158056,8961
643523,4640
468931,7898
394172,4728
160205,2976
331551,1383
266584,1880
515683,7751
674152,0463
155048,4869
59147,5021
863022,4072
331461,4704
570688,8107
173521,0625
506297,7001
319732,8297
182612,9997
357609,0490
574575,1302
473343,2960
585529,3242
787300,5225
497044,3635
591221,8346
367768,2693
170409,2861
629984,7680
490572,2642
389792,4082
577548,8268
682803,3604
426908,1346
202100,1057
370118,8057
546578,4537
555810,9750
349975,1642
652153,0949
617356,0003
605693,4652
277608,6279
531854,0503
426946,5755
445865,5865
923313,0033
624867,1592
353280,0206
521211,3474
220010,2672
356769,6019
605212,0131
628317,7643
824983,1251
278219,2464
588139,1723
346204,6140
480660,6178
402872,1375
348579,3046
601764,8315
181661,0096
232923,0477
113700,5755
568598,6126
211722,4217
105869,3018
677927,3980
271990,7748
273624,4422
472825,4785
180867,9356
207888,1920
625485,4079
252185,1955
101144,6063
252622,0752
426548,9144
562686,1457
138661,2371
693617,8162
336849,6463
417931,4537
592870,6318
338444,5103
505830,4613
645239,9077
265646,6526
288818,6002
253700,6152
537431,4658
551218,5151
294145,7901
227056,5272
159743,3775
227874,2031
451036,9736
406992,5564
246550,0978
474447,6811
535352,9536
60359,0945
444742,7773
404288,4873
507639,5129
1247880,9013
249501,2121
376212,9652
557114,4249
106736,3000
107696,2556
409640,6781
555039,9867
413826,3910
311405,4505
343026,3745
801895,3311
584467,9489
454091,3134
194415,5380
573732,6752
533711,6302
390583,8326
760274,2844
812688,0587
534203,0221
194584,3270
116205,1315
418133,2714
718865,9784
349328,9616
152701,2745
496569,5376
484173,2511
211034,2921
312142,0234
116476,1040
553983,3514
216778,4343
437261,4998
554231,7889
510542,3803
865947,7689
656363,2399
427895,6378
339492,5801
290943,1805
637690,4630
305830,3078
1038028,8613
351488,9238
273678,6920
115465,4198
286011,6886
199730,4909
539556,9120
218544,8942
310630,2512
436094,9148
243174,6616
279499,7526
373306,1309
141127,8895
318064,2653
436770,1475
345812,4790
124229,6724
326717,0721
526975,1953
277650,0093
174757,2153
485157,3280
115465,4198
301196,7677
184313,8510
115328,2936
401092,7045
461290,1647
573254,5963
660847,2474
498218,5767
615701,4515
378083,2866
457745,5815
508619,1080
640700,9274
446665,6421
582140,1267
361862,3337
626854,5805
301793,5072
606839,3302
499346,3717
156936,8395
577093,5487
553005,9163
677476,0004
615622,7826
288478,8088
801421,2450
338947,7739
749109,2692
372442,8338
171618,3727
933275,9007
488450,7996
667936,4710
467813,8466
538216,3142
644706,4629
586472,7619
560240,7291
337633,6461
459573,8410
333251,6416
715397,6981
291576,3862
104306,4809
239558,4648
194193,9001
287188,6083
270145,4727
289651,5695
256731,2420
329385,6442
451183,2313
457111,4044
444114,6135
222302,9661
660563,5647
799737,0941
68230,5535
78567,5872
494518,4570
193520,2948
384690,2632
571678,6282
713843,6488
326945,4370
399336,4110
312599,0819
605938,1177
268034,5378
311495,5619
422021,7355
302139,8619
294896,0059
276812,1970
438375,1289
762030,8367
76145,1478
333222,1054
382988,6165
91936,0032
352972,8850
533739,5899
180681,9505
480231,6829
362229,7164
500854,4756
301676,4694
88848,4836
170886,7272
449115,1751
451038,0901
629428,6988
247246,5742
462623,9404
523536,6210
400440,3542
861502,1885
393937,2759
155940,1977
314415,4660
395639,2677
424218,8963
456550,9080
537918,4847
636326,6488
728144,0064
383314,0939
109989,4274
676436,2821
537714,8262
645325,2756
581389,5945
389731,7703
696194,9235
572732,1627
574067,7120
218202,1321
586405,1253
