0	1307,694018	31	1306,268325	5000	1032,017019	5016	1032,009887	10016	980,976559	10016	980,976544	15016	974,958341	15016	974,957003	20016	974,869828	20016	974,868677	25016	974,823709	25016	974,823872	30016	968,516413	30016	968,516098	35016	968,471868	35016	968,471868	40016	968,428306	40016	968,428306	45016	968,314820	45016	968,315974	50016	968,272695	50016	968,273388	
63	1300,628704	63	1300,628704	5141	1031,379050	5141	1031,379050	10156	980,604705	10156	980,604705	15063	974,906637	15063	974,906637	20063	974,823709	20063	974,823709	25063	974,764374	25063	974,764374	30063	968,471868	30063	968,471868	35078	968,428306	35078	968,428306	40078	968,385606	40078	968,359581	45063	968,273388	45063	968,273388	50063	968,229843	50063	968,229843	
94	1293,763229	94	1293,763229	5266	1030,775589	5266	1030,775589	10313	980,242100	10313	980,242100	15110	974,869828	15110	974,869828					25110	974,693689	25110	974,693689											40110	968,314820									
125	1287,107097	125	1287,107097	5360	1030,192119	5360	1030,192119	10469	979,891568	10469	979,891568									25172	974,618311	25172	974,618311																					
156	1280,650039	156	1280,650039	5469	1029,593824	5469	1029,593824	10610	979,561143	10610	979,561143									25219	974,522599	25219	974,522599																					
188	1274,382379	188	1274,382379	5578	1029,002687	5578	1029,002687	10750	979,246114	10750	979,246114									25281	974,424716	25281	974,424716																					
219	1268,295011	219	1268,295011	5672	1028,418828	5672	1028,418828	10906	978,949013	10906	978,949013									25328	974,313989	25328	974,313989																					
266	1262,379383	266	1262,379383	5781	1027,830747	5781	1027,830747	11063	978,669588	11063	978,669588									25391	974,202779	25391	974,202779																					
281	1256,627476	281	1256,627476	5875	1027,276948	5875	1027,276948	11250	978,385860	11250	978,385860									25438	974,083926	25438	974,083927																					
313	1251,031778	313	1251,031778	5985	1026,732241	5985	1026,732241	11391	978,127566	11391	978,127566									25485	973,991514	25485	973,991514																					
344	1243,935525	344	1243,935525	6110	1026,158126	6110	1026,158126	11531	977,885915	11531	977,885915									25531	973,855800	25531	973,855800																					
375	1236,553621	375	1236,553621	6219	1025,627288	6219	1025,627288	11688	977,663454	11688	977,663454									25594	973,730214	25594	973,730214																					
406	1228,843056	406	1228,843056	6313	1025,067974	6313	1025,067974	11828	977,422028	11828	977,422028									25641	973,587210	25641	973,587210																					
438	1221,407689	438	1221,407689	6438	1024,547802	6438	1024,547802	11985	977,219299	11985	977,219299									25688	973,457158	25688	973,457158																					
469	1214,261508	469	1214,261508	6531	1024,028361	6531	1024,028361	12125	977,012331	12125	977,012331									25735	973,305681	25735	973,305681																					
500	1197,303206	500	1197,303206	6641	1023,537812	6641	1023,537812	12281	976,821571	12281	976,821571									25781	973,149148	25781	973,149148																					
547	1181,920757	547	1181,920757	6766	1022,305000	6766	1022,305000	12422	976,653805	12422	976,653805									25828	972,993060	25828	972,993060																					
578	1168,173257	578	1168,173257	6860	1021,077542	6860	1021,077542	12578	976,474516	12578	976,474516									25891	972,838283	25891	972,838283																					
625	1162,745499	625	1162,745499	6969	1019,872789	6969	1019,872789	12719	976,325141	12719	976,325141									25953	972,712839	25953	972,712839																					
656	1151,171937	656	1151,171937	7063	1018,670558	7063	1018,670558	12860	976,162251	12860	976,162251									26000	972,542894	26000	972,542894																					
703	1146,546409	703	1146,546409	7156	1017,512596	7156	1017,512596	13016	976,023949	13016	976,023949									26047	972,369806	26047	972,369806																					
735	1139,091645	735	1139,091645	7266	1016,337378	7266	1016,337378	13172	975,893922	13172	975,893922									26094	972,235846	26094	972,235846																					
781	1137,241601	781	1137,241601	7360	1015,224105	7360	1015,224105	13313	975,773852	13313	975,773852									26141	972,136359	26141	972,136359																					
828	1123,927134	828	1123,927134	7453	1014,156146	7453	1014,156146	13453	975,662557	13453	975,662557									26203	971,961270	26203	971,961270																					
860	1117,817650	860	1117,817650	7547	1013,015973	7547	1013,015973	13610	975,547423	13610	975,547423									26250	971,826044	26250	971,826044																					
906	1114,179282	906	1114,179282	7641	1011,930125	7641	1011,930125	13750	975,449572	13750	975,449572									26297	971,719885	26297	971,719885																					
953	1111,199598	953	1111,199598	7750	1010,862289	7750	1010,862289	13906	975,356091	13906	975,356091									26344	971,543304	26344	971,543304																					
1000	1108,967508	1000	1108,967508	7844	1009,759669	7844	1009,759669	14063	975,270051	14063	975,270051									26391	971,434229	26391	971,434229																					
1047	1106,819819	1047	1106,819819	7938	1008,665671	7938	1008,665671	14203	975,192899	14203	975,192899									26453	971,290404	26453	971,290404																					
1094	1104,578785	1094	1104,578785	8047	1007,531835	8047	1007,531835	14360	975,124299	14360	975,124299									26500	971,153664	26500	971,153664																					
1141	1102,355963	1141	1102,355963	8141	1006,429370	8141	1006,429370	14500	975,059938	14500	975,059938									26547	971,010449	26547	971,010449																					
1172	1100,299622	1172	1100,299622	8235	1005,248581	8235	1005,248581	14610	975,005215	14610	975,005215									26594	970,908651	26594	970,908651																					
1219	1098,332493	1219	1098,332493	8328	1004,040010	8328	1004,040010	14703	974,958341	14703	974,958341									26641	970,802375	26641	970,802375																					
1266	1096,132466	1266	1096,132466	8422	1002,774287	8422	1002,774287													26703	970,699654	26703	970,699654																					
1313	1094,132184	1313	1094,132184	8531	1001,414337	8531	1001,414337													26750	970,564881	26750	970,564881																					
1360	1092,344613	1360	1092,344613	8625	999,984848	8625	999,984848													26797	970,426150	26797	970,426150																					
1406	1091,145966	1406	1091,145966	8719	998,348679	8719	998,348679													26844	970,358350	26844	970,358350																					
1469	1089,987129	1469	1089,987129	8813	996,510432	8813	996,510432													26891	970,257726	26891	970,257726																					
1516	1088,774148	1516	1088,774148	8922	994,505563	8922	994,505563													26953	970,159601	26953	970,159601																					
1563	1087,632706	1563	1087,632706	9031	992,439401	9031	992,439401													27000	970,060508	27000	970,060508																					
1610	1086,516353	1610	1086,516353	9141	990,367625	9141	990,367625													27047	969,963971	27047	969,963971																					
1672	1085,301848	1672	1085,301848	9250	988,293003	9250	988,293003													27094	969,870664	27094	969,870664																					
1719	1084,175097	1719	1084,175097	9344	987,008859	9344	987,008859													27156	969,776707	27156	969,776707																					
1766	1083,087259	1766	1083,087259	9453	985,942786	9453	985,942786													27203	969,680359	27203	969,680359																					
1813	1081,888998	1813	1081,888998	9547	984,911799	9547	984,911799													27250	969,589481	27250	969,589481																					
1875	1080,814167	1875	1080,814167	9641	984,512827	9641	984,512827													27297	969,498224	27297	969,498224																					
1922	1079,741736	1938	1079,741736	9750	982,221948	9750	982,221948													27344	969,439729	27344	969,439729																					
1985	1078,596007	1985	1078,596007	9844	981,802365	9844	981,802365													27406	969,353002	27406	969,353002																					
2031	1077,524324	2031	1077,524324	9938	981,372327	9938	981,372327													27453	969,296611	27453	969,296611																					
2078	1076,492905	2078	1076,492905	10110	980,976559	10110	980,976559													27500	969,211508	27500	969,211508																					
2141	1075,363829	2141	1075,363829	10250	980,599804	10250	980,599804													27547	969,157312	27547	969,157312																					
2188	1074,341450	2188	1074,341450	10406	980,242100	10406	980,242100													27594	969,075633	27594	969,075633																					
2235	1073,279569	2235	1073,279569	10547	979,891481	10547	979,891481													27641	969,023232	27641	969,023232																					
2297	1072,283845	2297	1072,283845	10688	979,561244	10688	979,561244													27688	968,943295	27688	968,943295																					
2360	1071,245654	2360	1071,245654	10844	979,246034	10844	979,246034													27735	968,892648	27735	968,892648																					
2406	1070,285824	2406	1070,285824	11000	978,948262	11000	978,948262													27797	968,843657	27797	968,843657																					
2453	1069,219446	2453	1069,219446	11188	978,661766	11188	978,661766													27844	968,767450	27844	968,767450																					
2500	1068,259088	2500	1068,259088	11328	978,389019	11328	978,389019													27891	968,718491	27891	968,718491																					
2563	1067,310965	2563	1067,310965	11469	978,127566	11469	978,127566													27938	968,636816	27938	968,636816																					
2625	1066,291761	2625	1066,291761	11625	977,885915	11625	977,885915													28000	968,562984	28000	968,562984																					
2672	1065,353415	2672	1065,353415	11766	977,657519	11766	977,657519													28047	968,516413	28047	968,516413																					
2735	1064,441118	2735	1064,441118	11922	977,424300	11922	977,424300																																					
2781	1063,494720	2781	1063,494720	12063	977,219299	12063	977,219299																																					
2828	1062,544868	2828	1062,544868	12219	977,012331	12219	977,012331																																					
2875	1061,674231	2875	1061,674231	12360	976,825106	12360	976,825106																																					
2938	1060,747141	2938	1060,747141	12500	976,640473	12500	976,640473																																					
3000	1059,894330	3000	1059,894330	12656	976,474516	12656	976,474516																																					
3047	1058,944334	3047	1058,944334	12797	976,312595	12797	976,312595																																					
3094	1058,087908	3094	1058,087908	12953	976,162552	12953	976,162552																																					
3156	1057,266317	3156	1057,266317	13110	976,021279	13110	976,021279																																					
3203	1056,385357	3203	1056,385357	13250	975,890852	13250	975,890852																																					
3266	1055,600644	3266	1055,600644	13406	975,771480	13406	975,771480																																					
3313	1054,685088	3313	1054,685088	13547	975,662557	13547	975,662557																																					
3375	1053,876836	3375	1053,876836	13688	975,545804	13688	975,545804																																					
3422	1053,113568	3422	1053,113568	13844	975,444918	13844	975,444918																																					
3469	1052,241314	3469	1052,241314	14000	975,356076	14000	975,356076																																					
3531	1051,454058	3531	1051,454058	14141	975,270638	14141	975,270638																																					
3578	1050,658852	3578	1050,658852	14297	975,192542	14297	975,192542																																					
3625	1049,909156	3625	1049,909156	14438	975,124299	14438	975,124299																																					
3672	1049,118817	3672	1049,118817	14547	975,059925	14547	975,059925																																					
3735	1048,365571	3735	1048,365571	14656	975,005215	14656	975,005215																																					
3781	1047,643655	3781	1047,643655	14703	974,958341	14703	974,958341																																					
3828	1046,869562	3828	1046,869562																																									
3891	1046,138044	3891	1046,138044																																									
3938	1045,440636	3938	1045,440636																																									
3985	1044,758759	3985	1044,758759																																									
4063	1043,995462	4063	1043,995462																																									
4110	1043,314531	4110	1043,314531																																									
4156	1042,642106	4156	1042,642106																																									
4219	1041,935673	4219	1041,935673																																									
4266	1041,265129	4266	1041,265129																																									
4313	1040,589353	4313	1040,589353																																									
4360	1039,955171	4360	1039,955171																																									
4422	1039,283303	4422	1039,283303																																									
4469	1038,660912	4469	1038,660912																																									
4516	1037,935840	4516	1037,935840																																									
4594	1037,258873	4594	1037,258873																																									
4641	1036,557381	4641	1036,557381																																									
4688	1035,892368	4688	1035,892368																																									
4735	1035,209280	4735	1035,209280																																									
