100
1 1 0
3 3 0
23 24 0
39 35 0
40 61 0
43 88 0
45 35 0
48 62 0
50 99 0
52 37 0
64 31 0
71 51 0
77 81 0
90 81 0
95 93 0
99 97 0
100 100 0
100 100 0
100 100 0
100 100 0
4 4 1
3 2
4 4 1
2 1
37 55 1
26 42
40 79 1
20 36
49 55 1
28 34
50 48 1
22 25
50 99 1
20 39
51 65 1
32 42
99 97 1
13 24
100 100 1
11 15
100 100 1
54 50
100 100 1
92 96
7 10 2
1 2
7 1
25 34 2
7 13
17 24
49 61 2
23 21
38 48
50 60 2
26 30
27 20
59 42 2
12 14
54 38
100 100 2
6 8
45 65
100 100 2
35 60
58 73
100 100 2
74 51
11 9
31 31 3
25 25
18 17
27 26
34 43 3
20 21
20 30
29 39
46 34 3
4 7
5 9
5 6
62 81 3
41 48
28 55
59 78
81 90 3
16 17
25 29
41 43
100 100 3
64 76
69 65
66 59
100 100 3
82 70
37 58
59 57
100 100 3
39 41
24 17
59 42
35 51 4
9 8
13 22
8 9
8 12
42 68 4
20 39
25 43
24 38
15 29
49 58 4
29 39
23 15
23 36
36 38
77 57 4
30 23
26 24
38 33
40 31
100 100 4
70 64
30 26
41 33
32 21
100 100 4
57 35
14 18
62 42
81 83
100 100 4
81 83
7 7
71 54
33 47
33 32 5
21 14
9 8
8 9
16 13
12 14
44 33 5
14 15
15 17
35 27
13 13
13 16
46 34 5
23 21
9 14
31 19
28 22
27 17
81 77 5
40 43
47 27
57 47
33 26
47 33
100 100 5
51 68
68 54
28 52
38 24
51 38
100 100 5
69 44
16 13
16 31
59 75
33 26
100 100 5
44 45
21 20
25 43
40 52
93 95
50 45 6
13 16
16 13
31 34
45 38
31 19
18 14
55 58 6
26 18
11 9
34 46
29 42
40 46
41 48
58 70 6
23 27
30 35
31 34
42 50
16 28
6 11
61 79 6
41 54
33 62
23 39
26 21
32 42
41 45
100 100 6
34 43
52 31
44 45
4 7
37 64
80 63
100 100 6
29 48
83 72
62 54
39 65
92 93
38 48
16 16 7
9 8
11 9
14 15
13 10
12 11
3 5
5 6
45 71 7
23 45
17 27
14 18
32 48
9 17
8 12
7 13
49 73 7
24 41
21 32
30 59
29 36
25 31
37 61
32 51
52 55 7
25 40
36 44
30 32
8 15
28 25
27 20
9 8
90 89 7
68 54
71 54
20 15
37 46
40 43
75 71
35 27
100 100 7
91 91
92 93
93 95
94 97
92 90
94 91
96 92
100 100 7
58 76
60 65
72 80
22 43
30 29
68 63
23 39
100 100 7
65 39
43 43
16 16
66 41
12 17
52 34
33 56
51 41 8
35 30
16 22
41 30
47 36
11 15
19 13
17 18
11 18
53 36 8
12 14
47 27
26 21
44 30
48 32
27 20
39 23
37 25
75 74 8
47 45
42 32
19 31
17 21
18 20
26 18
33 38
56 48
80 87 8
26 39
43 46
23 24
50 48
14 12
47 30
18 17
35 45
100 100 8
89 90
53 45
70 73
9 14
37 67
78 71
60 56
52 37
100 100 8
87 77
58 34
75 65
58 67
67 67
15 11
88 91
46 37
46 31 9
30 20
34 22
28 19
24 17
10 10
15 11
18 14
5 6
22 16
56 51 9
30 23
28 25
25 19
21 29
14 12
8 12
37 37
20 30
45 38
62 78 9
21 14
34 28
19 34
32 36
33 59
45 62
54 68
28 49
27 35
66 50 9
24 20
50 39
45 38
17 12
56 42
19 13
18 23
27 26
41 30
100 100 9
6 11
8 12
10 13
12 14
11 12
10 10
9 8
8 6
7 4
100 100 9
57 68
30 38
45 62
78 80
34 55
48 44
70 49
84 89
95 96
100 100 9
53 72
82 82
19 28
63 74
31 58
37 49
13 13
44 63
46 31
44 45 10
12 20
17 12
15 23
27 35
15 14
7 7
21 26
11 15
9 8
32 24
68 54 10
48 29
30 29
53 39
41 24
13 25
59 45
16 25
26 24
51 35
20 27
71 63 10
56 45
64 55
21 14
54 41
13 13
46 49
45 32
48 32
57 38
64 58
97 97 10
10 19
11 18
12 17
13 16
14 15
15 14
16 13
17 12
18 11
19 10
97 97 10
13 13
81 89
82 88
83 87
84 86
85 85
86 84
87 83
88 82
89 81
100 100 10
39 53
10 13
83 75
72 62
63 44
79 76
50 42
62 75
35 54
78 71
100 100 10
69 32
69 29
76 28
76 22
79 19
84 20
83 12
86 9
92 9
97 7
100 100 10
80 60
32 45
29 39
35 57
46 40
53 45
74 57
23 39
64 46
63 41
100 100 10
3 8
32 3
61 19
80 93
62 96
40 73
13 14
88 87
47 49
42 42
100 100 10
12 11
21 20
33 32
39 41
52 52
60 59
69 68
75 77
86 84
95 96
100 100 10
60 53
53 60
25 22
59 48
83 75
35 33
89 84
30 56
35 63
20 18
